  0.000000000000000E+000  0.000000000000000E+000 -0.295837369756437     
  0.000000000000000E+000  0.305320839087168      -0.305741081508265     
  0.000000000000000E+000  0.610641678174337      -0.313632928632554     
  0.000000000000000E+000  0.915962517261505      -0.320118633635400     
  0.000000000000000E+000   1.22128335634867      -0.325226749354396     
  0.000000000000000E+000   1.52660419543584      -0.327372184158953     
  0.000000000000000E+000   1.83192503452301      -0.325696552920357     
  0.000000000000000E+000   2.13724587361018      -0.320721977197732     
  0.000000000000000E+000   2.44256671269735      -0.314741475786957     
  0.000000000000000E+000   2.74788755178452      -0.305733615366127     
  0.000000000000000E+000   3.05320839087168      -0.294802405630259     
  0.000000000000000E+000   3.35852922995885      -0.285791141956672     
  0.000000000000000E+000   3.66385006904602      -0.271268240082010     
  0.000000000000000E+000   3.96917090813319      -0.256240322543170     
  0.000000000000000E+000   4.27449174722036      -0.234776230926337     
  0.000000000000000E+000   4.57981258630753      -0.205865100284785     
  0.000000000000000E+000   4.88513342539469      -0.178924743058623     
  0.000000000000000E+000   5.19045426448186      -0.157503266992477     
  0.000000000000000E+000   5.49577510356903      -0.141131013546442     
  0.000000000000000E+000   5.80109594265620      -0.129852139926008     
  0.000000000000000E+000   6.10641678174337      -0.123091160721380     
  0.000000000000000E+000   6.41173762083054      -0.119785486083815     
  0.000000000000000E+000   6.71705845991770      -0.117834458152097     
  0.000000000000000E+000   7.02237929900487      -0.112935972462843     
  0.000000000000000E+000   7.32770013809204      -0.106637543810832     
  0.305320839087168       0.000000000000000E+000 -0.305753858022032     
  0.305320839087168       0.305320839087168      -0.299561144901611     
  0.305320839087168       0.610641678174337      -0.324672388214207     
  0.305320839087168       0.915962517261505      -0.349995052450537     
  0.305320839087168        1.22128335634867      -0.362981149707492     
  0.305320839087168        1.52660419543584      -0.367025087665439     
  0.305320839087168        1.83192503452301      -0.364739809610188     
  0.305320839087168        2.13724587361018      -0.357997626501290     
  0.305320839087168        2.44256671269735      -0.350157991016279     
  0.305320839087168        2.74788755178452      -0.337779911147873     
  0.305320839087168        3.05320839087168      -0.319306300130280     
  0.305320839087168        3.35852922995885      -0.298893289600889     
  0.305320839087168        3.66385006904602      -0.280258672781025     
  0.305320839087168        3.96917090813319      -0.261739633540789     
  0.305320839087168        4.27449174722036      -0.239016229453830     
  0.305320839087168        4.57981258630753      -0.211813387058553     
  0.305320839087168        4.88513342539469      -0.185946536071196     
  0.305320839087168        5.19045426448186      -0.164690157964202     
  0.305320839087168        5.49577510356903      -0.147849305825777     
  0.305320839087168        5.80109594265620      -0.135635361325611     
  0.305320839087168        6.10641678174337      -0.127494274663674     
  0.305320839087168        6.41173762083054      -0.122262654730912     
  0.305320839087168        6.71705845991770      -0.117867396483650     
  0.305320839087168        7.02237929900487      -0.112820004201632     
  0.305320839087168        7.32770013809204      -0.105880865347758     
  0.610641678174337       0.000000000000000E+000 -0.313643973963910     
  0.610641678174337       0.305320839087168      -0.324674719700853     
  0.610641678174337       0.610641678174337      -0.352216010041917     
  0.610641678174337       0.915962517261505      -0.381519800356832     
  0.610641678174337        1.22128335634867      -0.398379214825114     
  0.610641678174337        1.52660419543584      -0.404038191618883     
  0.610641678174337        1.83192503452301      -0.401088376110411     
  0.610641678174337        2.13724587361018      -0.393421710116081     
  0.610641678174337        2.44256671269735      -0.383211935658564     
  0.610641678174337        2.74788755178452      -0.368120843150957     
  0.610641678174337        3.05320839087168      -0.344422505579917     
  0.610641678174337        3.35852922995885      -0.315090755796823     
  0.610641678174337        3.66385006904602      -0.286466217689955     
  0.610641678174337        3.96917090813319      -0.261809369403928     
  0.610641678174337        4.27449174722036      -0.237828689379595     
  0.610641678174337        4.57981258630753      -0.213070285910000     
  0.610641678174337        4.88513342539469      -0.189865370874744     
  0.610641678174337        5.19045426448186      -0.170064805692510     
  0.610641678174337        5.49577510356903      -0.153702209987948     
  0.610641678174337        5.80109594265620      -0.141125676295312     
  0.610641678174337        6.10641678174337      -0.132089106718377     
  0.610641678174337        6.41173762083054      -0.125541504552898     
  0.610641678174337        6.71705845991770      -0.119877158840650     
  0.610641678174337        7.02237929900487      -0.113020465231677     
  0.610641678174337        7.32770013809204      -0.104120384225975     
  0.915962517261505       0.000000000000000E+000 -0.320121382440812     
  0.915962517261505       0.305320839087168      -0.349996878630440     
  0.915962517261505       0.610641678174337      -0.381520754518489     
  0.915962517261505       0.915962517261505      -0.409554663149623     
  0.915962517261505        1.22128335634867      -0.427204065105019     
  0.915962517261505        1.52660419543584      -0.433620154555278     
  0.915962517261505        1.83192503452301      -0.430456709969437     
  0.915962517261505        2.13724587361018      -0.423534409132427     
  0.915962517261505        2.44256671269735      -0.411126881502910     
  0.915962517261505        2.74788755178452      -0.391957267630279     
  0.915962517261505        3.05320839087168      -0.365576453055422     
  0.915962517261505        3.35852922995885      -0.332501497819707     
  0.915962517261505        3.66385006904602      -0.298143896014158     
  0.915962517261505        3.96917090813319      -0.266997299548629     
  0.915962517261505        4.27449174722036      -0.239537101825360     
  0.915962517261505        4.57981258630753      -0.214951701296554     
  0.915962517261505        4.88513342539469      -0.193165851239171     
  0.915962517261505        5.19045426448186      -0.174379359434820     
  0.915962517261505        5.49577510356903      -0.158646465065266     
  0.915962517261505        5.80109594265620      -0.145991869694579     
  0.915962517261505        6.10641678174337      -0.136267719025698     
  0.915962517261505        6.41173762083054      -0.128577046532399     
  0.915962517261505        6.71705845991770      -0.121601878851386     
  0.915962517261505        7.02237929900487      -0.113762516269625     
  0.915962517261505        7.32770013809204      -0.105028858948364     
   1.22128335634867       0.000000000000000E+000 -0.325227579585093     
   1.22128335634867       0.305320839087168      -0.362982552968524     
   1.22128335634867       0.610641678174337      -0.398379950839282     
   1.22128335634867       0.915962517261505      -0.427203736348981     
   1.22128335634867        1.22128335634867      -0.445568009765978     
   1.22128335634867        1.52660419543584      -0.452533359015811     
   1.22128335634867        1.83192503452301      -0.451333591592540     
   1.22128335634867        2.13724587361018      -0.445390416354931     
   1.22128335634867        2.44256671269735      -0.431075151270189     
   1.22128335634867        2.74788755178452      -0.407937724144480     
   1.22128335634867        3.05320839087168      -0.377895775599440     
   1.22128335634867        3.35852922995885      -0.343496470974519     
   1.22128335634867        3.66385006904602      -0.307462727856734     
   1.22128335634867        3.96917090813319      -0.273511676656499     
   1.22128335634867        4.27449174722036      -0.243768010964891     
   1.22128335634867        4.57981258630753      -0.218301910648602     
   1.22128335634867        4.88513342539469      -0.196540117824512     
   1.22128335634867        5.19045426448186      -0.178117590845872     
   1.22128335634867        5.49577510356903      -0.162727184764136     
   1.22128335634867        5.80109594265620      -0.150031505352031     
   1.22128335634867        6.10641678174337      -0.139651015223016     
   1.22128335634867        6.41173762083054      -0.130853228546815     
   1.22128335634867        6.71705845991770      -0.122711172921467     
   1.22128335634867        7.02237929900487      -0.114397937348378     
   1.22128335634867        7.32770013809204      -0.105931329563804     
   1.52660419543584       0.000000000000000E+000 -0.327376555973049     
   1.52660419543584       0.305320839087168      -0.367027452675963     
   1.52660419543584       0.610641678174337      -0.404037842364129     
   1.52660419543584       0.915962517261505      -0.433617597870001     
   1.52660419543584        1.22128335634867      -0.452530682302075     
   1.52660419543584        1.52660419543584      -0.461099064657855     
   1.52660419543584        1.83192503452301      -0.463273940869122     
   1.52660419543584        2.13724587361018      -0.456818246096599     
   1.52660419543584        2.44256671269735      -0.440511353988278     
   1.52660419543584        2.74788755178452      -0.415145275357599     
   1.52660419543584        3.05320839087168      -0.383144199118715     
   1.52660419543584        3.35852922995885      -0.347610375371505     
   1.52660419543584        3.66385006904602      -0.311592195251388     
   1.52660419543584        3.96917090813319      -0.277672817677328     
   1.52660419543584        4.27449174722036      -0.247474669101411     
   1.52660419543584        4.57981258630753      -0.221503010333564     
   1.52660419543584        4.88513342539469      -0.199589755912066     
   1.52660419543584        5.19045426448186      -0.181295804333055     
   1.52660419543584        5.49577510356903      -0.166055024540549     
   1.52660419543584        5.80109594265620      -0.153249443327063     
   1.52660419543584        6.10641678174337      -0.142283221013532     
   1.52660419543584        6.41173762083054      -0.132562157830688     
   1.52660419543584        6.71705845991770      -0.123542138104735     
   1.52660419543584        7.02237929900487      -0.114855454148598     
   1.52660419543584        7.32770013809204      -0.106502142497192     
   1.83192503452301       0.000000000000000E+000 -0.325708082645186     
   1.83192503452301       0.305320839087168      -0.364744749196488     
   1.83192503452301       0.610641678174337      -0.401086714806931     
   1.83192503452301       0.915962517261505      -0.430450500175252     
   1.83192503452301        1.22128335634867      -0.451326274516282     
   1.83192503452301        1.52660419543584      -0.463269043797739     
   1.83192503452301        1.83192503452301      -0.465289078325915     
   1.83192503452301        2.13724587361018      -0.456805184762184     
   1.83192503452301        2.44256671269735      -0.438416853524941     
   1.83192503452301        2.74788755178452      -0.412002598619081     
   1.83192503452301        3.05320839087168      -0.380213575337322     
   1.83192503452301        3.35852922995885      -0.345820135215138     
   1.83192503452301        3.66385006904602      -0.311282073049401     
   1.83192503452301        3.96917090813319      -0.278558200862286     
   1.83192503452301        4.27449174722036      -0.249000485859739     
   1.83192503452301        4.57981258630753      -0.223320628154618     
   1.83192503452301        4.88513342539469      -0.201646929247633     
   1.83192503452301        5.19045426448186      -0.183623770226939     
   1.83192503452301        5.49577510356903      -0.168563400668357     
   1.83192503452301        5.80109594265620      -0.155667318666397     
   1.83192503452301        6.10641678174337      -0.144247440176828     
   1.83192503452301        6.41173762083054      -0.133839611049855     
   1.83192503452301        6.71705845991770      -0.124187699237168     
   1.83192503452301        7.02237929900487      -0.115191765164269     
   1.83192503452301        7.32770013809204      -0.106850753546338     
   2.13724587361018       0.000000000000000E+000 -0.320744306288283     
   2.13724587361018       0.305320839087168      -0.358006925607971     
   2.13724587361018       0.610641678174337      -0.393418663475598     
   2.13724587361018       0.915962517261505      -0.423523531438964     
   2.13724587361018        1.22128335634867      -0.445377225366235     
   2.13724587361018        1.52660419543584      -0.456807316739362     
   2.13724587361018        1.83192503452301      -0.456799302228899     
   2.13724587361018        2.13724587361018      -0.445845904507813     
   2.13724587361018        2.44256671269735      -0.425832279516212     
   2.13724587361018        2.74788755178452      -0.399409418582128     
   2.13724587361018        3.05320839087168      -0.369222580453682     
   2.13724587361018        3.35852922995885      -0.337435350739796     
   2.13724587361018        3.66385006904602      -0.305704774284482     
   2.13724587361018        3.96917090813319      -0.275365274682145     
   2.13724587361018        4.27449174722036      -0.247527209787553     
   2.13724587361018        4.57981258630753      -0.223010175236486     
   2.13724587361018        4.88513342539469      -0.202162426865061     
   2.13724587361018        5.19045426448186      -0.184742125054987     
   2.13724587361018        5.49577510356903      -0.170033438620183     
   2.13724587361018        5.80109594265620      -0.157170008649321     
   2.13724587361018        6.10641678174337      -0.145474399459942     
   2.13724587361018        6.41173762083054      -0.134619914877326     
   2.13724587361018        6.71705845991770      -0.124563349136850     
   2.13724587361018        7.02237929900487      -0.115360639834562     
   2.13724587361018        7.32770013809204      -0.107019749185200     
   2.44256671269735       0.000000000000000E+000 -0.314779980760872     
   2.44256671269735       0.305320839087168      -0.350172485775078     
   2.44256671269735       0.610641678174337      -0.383205346562115     
   2.44256671269735       0.915962517261505      -0.411109247018471     
   2.44256671269735        1.22128335634867      -0.431055083660068     
   2.44256671269735        1.52660419543584      -0.440494308085025     
   2.44256671269735        1.83192503452301      -0.438405565734895     
   2.44256671269735        2.13724587361018      -0.425827240942840     
   2.44256671269735        2.44256671269735      -0.405348654112117     
   2.44256671269735        2.74788755178452      -0.380014796930023     
   2.44256671269735        3.05320839087168      -0.352334108821703     
   2.44256671269735        3.35852922995885      -0.323898161357708     
   2.44256671269735        3.66385006904602      -0.295661491315730     
   2.44256671269735        3.96917090813319      -0.268421488904925     
   2.44256671269735        4.27449174722036      -0.243048930905025     
   2.44256671269735        4.57981258630753      -0.220381519224196     
   2.44256671269735        4.88513342539469      -0.200887486904228     
   2.44256671269735        5.19045426448186      -0.184408282752136     
   2.44256671269735        5.49577510356903      -0.170251723312462     
   2.44256671269735        5.80109594265620      -0.157576406291976     
   2.44256671269735        6.10641678174337      -0.145792609637086     
   2.44256671269735        6.41173762083054      -0.134725735731156     
   2.44256671269735        6.71705845991770      -0.124488024939363     
   2.44256671269735        7.02237929900487      -0.115222680063390     
   2.44256671269735        7.32770013809204      -0.106948089253486     
   2.74788755178452       0.000000000000000E+000 -0.305790249127020     
   2.74788755178452       0.305320839087168      -0.337795703110040     
   2.74788755178452       0.610641678174337      -0.368103950140717     
   2.74788755178452       0.915962517261505      -0.391928441842522     
   2.74788755178452        1.22128335634867      -0.407910002331647     
   2.74788755178452        1.52660419543584      -0.415123149001870     
   2.74788755178452        1.83192503452301      -0.411987650649939     
   2.74788755178452        2.13724587361018      -0.399401362816690     
   2.74788755178452        2.44256671269735      -0.380011959712121     
   2.74788755178452        2.74788755178452      -0.356852380626544     
   2.74788755178452        3.05320839087168      -0.332224461944299     
   2.74788755178452        3.35852922995885      -0.307336121346807     
   2.74788755178452        3.66385006904602      -0.282692533433436     
   2.74788755178452        3.96917090813319      -0.258728970766674     
   2.74788755178452        4.27449174722036      -0.236129672193381     
   2.74788755178452        4.57981258630753      -0.215685054499972     
   2.74788755178452        4.88513342539469      -0.197872954100935     
   2.74788755178452        5.19045426448186      -0.182561449536509     
   2.74788755178452        5.49577510356903      -0.169108921047790     
   2.74788755178452        5.80109594265620      -0.156769072818674     
   2.74788755178452        6.10641678174337      -0.145093774664516     
   2.74788755178452        6.41173762083054      -0.134057303150578     
   2.74788755178452        6.71705845991770      -0.123816350310394     
   2.74788755178452        7.02237929900487      -0.114634050184888     
   2.74788755178452        7.32770013809204      -0.106685980143981     
   3.05320839087168       0.000000000000000E+000 -0.294866865889487     
   3.05320839087168       0.305320839087168      -0.319309651414417     
   3.05320839087168       0.610641678174337      -0.344385950261961     
   3.05320839087168       0.915962517261505      -0.365532486246224     
   3.05320839087168        1.22128335634867      -0.377861056479717     
   3.05320839087168        1.52660419543584      -0.383119556387878     
   3.05320839087168        1.83192503452301      -0.380197760351003     
   3.05320839087168        2.13724587361018      -0.369214132668654     
   3.05320839087168        2.44256671269735      -0.352330885106348     
   3.05320839087168        2.74788755178452      -0.332223969590773     
   3.05320839087168        3.05320839087168      -0.310943232671019     
   3.05320839087168        3.35852922995885      -0.289509483000095     
   3.05320839087168        3.66385006904602      -0.268234333220273     
   3.05320839087168        3.96917090813319      -0.247375203122742     
   3.05320839087168        4.27449174722036      -0.227514569541234     
   3.05320839087168        4.57981258630753      -0.209368835981497     
   3.05320839087168        4.88513342539469      -0.193341879273499     
   3.05320839087168        5.19045426448186      -0.179280449245345     
   3.05320839087168        5.49577510356903      -0.166610904384880     
   3.05320839087168        5.80109594265620      -0.154730548703883     
   3.05320839087168        6.10641678174337      -0.143362383981722     
   3.05320839087168        6.41173762083054      -0.132547083687323     
   3.05320839087168        6.71705845991770      -0.122453862703078     
   3.05320839087168        7.02237929900487      -0.113692965539805     
   3.05320839087168        7.32770013809204      -0.106508055522881     
   3.35852922995885       0.000000000000000E+000 -0.285834462887114     
   3.35852922995885       0.305320839087168      -0.298868745729821     
   3.35852922995885       0.610641678174337      -0.315035413386254     
   3.35852922995885       0.915962517261505      -0.332449767069516     
   3.35852922995885        1.22128335634867      -0.343460232460909     
   3.35852922995885        1.52660419543584      -0.347587768481341     
   3.35852922995885        1.83192503452301      -0.345806918789029     
   3.35852922995885        2.13724587361018      -0.337429152638066     
   3.35852922995885        2.44256671269735      -0.323896643505402     
   3.35852922995885        2.74788755178452      -0.307336895842030     
   3.35852922995885        3.05320839087168      -0.289510529072850     
   3.35852922995885        3.35852922995885      -0.271360859833439     
   3.35852922995885        3.66385006904602      -0.253167270297963     
   3.35852922995885        3.96917090813319      -0.235133411933069     
   3.35852922995885        4.27449174722036      -0.217816928570786     
   3.35852922995885        4.57981258630753      -0.201860041967117     
   3.35852922995885        4.88513342539469      -0.187555746291548     
   3.35852922995885        5.19045426448186      -0.174715134950861     
   3.35852922995885        5.49577510356903      -0.162850460572621     
   3.35852922995885        5.80109594265620      -0.151530508052765     
   3.35852922995885        6.10641678174337      -0.140657451919883     
   3.35852922995885        6.41173762083054      -0.130260291379141     
   3.35852922995885        6.71705845991770      -0.120658953855243     
   3.35852922995885        7.02237929900487      -0.112895139748830     
   3.35852922995885        7.32770013809204      -0.106857136187100     
   3.66385006904602       0.000000000000000E+000 -0.271279120045456     
   3.66385006904602       0.305320839087168      -0.280237385558420     
   3.66385006904602       0.610641678174337      -0.286424360541526     
   3.66385006904602       0.915962517261505      -0.298105469616086     
   3.66385006904602        1.22128335634867      -0.307436583661401     
   3.66385006904602        1.52660419543584      -0.311577305807524     
   3.66385006904602        1.83192503452301      -0.311274748263849     
   3.66385006904602        2.13724587361018      -0.305702876544249     
   3.66385006904602        2.44256671269735      -0.295663020141438     
   3.66385006904602        2.74788755178452      -0.282695520020033     
   3.66385006904602        3.05320839087168      -0.268237151441296     
   3.66385006904602        3.35852922995885      -0.253168888847994     
   3.66385006904602        3.66385006904602      -0.237811807851866     
   3.66385006904602        3.96917090813319      -0.222384636563034     
   3.66385006904602        4.27449174722036      -0.207428153673960     
   3.66385006904602        4.57981258630753      -0.193492377679642     
   3.66385006904602        4.88513342539469      -0.180767685078655     
   3.66385006904602        5.19045426448186      -0.169058406743475     
   3.66385006904602        5.49577510356903      -0.157988866090496     
   3.66385006904602        5.80109594265620      -0.147306406972963     
   3.66385006904602        6.10641678174337      -0.137076530268317     
   3.66385006904602        6.41173762083054      -0.127367125453023     
   3.66385006904602        6.71705845991770      -0.118634246095721     
   3.66385006904602        7.02237929900487      -0.112115349903449     
   3.66385006904602        7.32770013809204      -0.106977348685644     
   3.96917090813319       0.000000000000000E+000 -0.256277969569748     
   3.96917090813319       0.305320839087168      -0.261771168569413     
   3.96917090813319       0.610641678174337      -0.261813134188847     
   3.96917090813319       0.915962517261505      -0.266989462776305     
   3.96917090813319        1.22128335634867      -0.273504353211129     
   3.96917090813319        1.52660419543584      -0.277669507222657     
   3.96917090813319        1.83192503452301      -0.278558653058131     
   3.96917090813319        2.13724587361018      -0.275368610035412     
   3.96917090813319        2.44256671269735      -0.268426504530539     
   3.96917090813319        2.74788755178452      -0.258734370850544     
   3.96917090813319        3.05320839087168      -0.247379889956568     
   3.96917090813319        3.35852922995885      -0.235136688989539     
   3.96917090813319        3.66385006904602      -0.222386241393557     
   3.96917090813319        3.96917090813319      -0.209408301306500     
   3.96917090813319        4.27449174722036      -0.196658837649266     
   3.96917090813319        4.57981258630753      -0.184557940517700     
   3.96917090813319        4.88513342539469      -0.173236454773033     
   3.96917090813319        5.19045426448186      -0.162546974728776     
   3.96917090813319        5.49577510356903      -0.152252053633586     
   3.96917090813319        5.80109594265620      -0.142259051662379     
   3.96917090813319        6.10641678174337      -0.132747950194366     
   3.96917090813319        6.41173762083054      -0.123895999186133     
   3.96917090813319        6.71705845991770      -0.116118641882759     
   3.96917090813319        7.02237929900487      -0.110095607594828     
   3.96917090813319        7.32770013809204      -0.104983786408765     
   4.27449174722036       0.000000000000000E+000 -0.234831136241918     
   4.27449174722036       0.305320839087168      -0.239073903617801     
   4.27449174722036       0.610641678174337      -0.237865345241999     
   4.27449174722036       0.915962517261505      -0.239555789967005     
   4.27449174722036        1.22128335634867      -0.243778134731807     
   4.27449174722036        1.52660419543584      -0.247482652717696     
   4.27449174722036        1.83192503452301      -0.249008408718610     
   4.27449174722036        2.13724587361018      -0.247535407955182     
   4.27449174722036        2.44256671269735      -0.243057086015723     
   4.27449174722036        2.74788755178452      -0.236137210936520     
   4.27449174722036        3.05320839087168      -0.227520916876816     
   4.27449174722036        3.35852922995885      -0.217821680523768     
   4.27449174722036        3.66385006904602      -0.207431158072037     
   4.27449174722036        3.96917090813319      -0.196660191258026     
   4.27449174722036        4.27449174722036      -0.185864379344658     
   4.27449174722036        4.57981258630753      -0.175348420630943     
   4.27449174722036        4.88513342539469      -0.165230401832155     
   4.27449174722036        5.19045426448186      -0.155452536947100     
   4.27449174722036        5.49577510356903      -0.145918883862634     
   4.27449174722036        5.80109594265620      -0.136654300578004     
   4.27449174722036        6.10641678174337      -0.127869017082233     
   4.27449174722036        6.41173762083054      -0.119828291485615     
   4.27449174722036        6.71705845991770      -0.112796850363589     
   4.27449174722036        7.02237929900487      -0.107098722120326     
   4.27449174722036        7.32770013809204      -0.102175060788285     
   4.57981258630753       0.000000000000000E+000 -0.205916078604347     
   4.57981258630753       0.305320839087168      -0.211868784293877     
   4.57981258630753       0.610641678174337      -0.213114410102473     
   4.57981258630753       0.915962517261505      -0.214981235330835     
   4.57981258630753        1.22128335634867      -0.218322184625964     
   4.57981258630753        1.52660419543584      -0.221518725003377     
   4.57981258630753        1.83192503452301      -0.223333885816282     
   4.57981258630753        2.13724587361018      -0.223021892723825     
   4.57981258630753        2.44256671269735      -0.220392026602595     
   4.57981258630753        2.74788755178452      -0.215694327253617     
   4.57981258630753        3.05320839087168      -0.209376647168511     
   4.57981258630753        3.35852922995885      -0.201866121003255     
   4.57981258630753        3.66385006904602      -0.193496570515233     
   4.57981258630753        3.96917090813319      -0.184560322288460     
   4.57981258630753        4.27449174722036      -0.175349328318341     
   4.57981258630753        4.57981258630753      -0.166114585796902     
   4.57981258630753        4.88513342539469      -0.157001600167699     
   4.57981258630753        5.19045426448186      -0.148052376445780     
   4.57981258630753        5.49577510356903      -0.139285487109253     
   4.57981258630753        5.80109594265620      -0.130788423214425     
   4.57981258630753        6.10641678174337      -0.122743836976072     
   4.57981258630753        6.41173762083054      -0.115360351177765     
   4.57981258630753        6.71705845991770      -0.108788116389827     
   4.57981258630753        7.02237929900487      -0.103112115386574     
   4.57981258630753        7.32770013809204      -9.795685912325899E-002
   4.88513342539469       0.000000000000000E+000 -0.178963699632789     
   4.88513342539469       0.305320839087168      -0.185989097700325     
   4.88513342539469       0.610641678174337      -0.189902836707475     
   4.88513342539469       0.915962517261505      -0.193195808873164     
   4.88513342539469        1.22128335634867      -0.196563742613550     
   4.88513342539469        1.52660419543584      -0.199608759802310     
   4.88513342539469        1.83192503452301      -0.201662715901159     
   4.88513342539469        2.13724587361018      -0.202176039063340     
   4.88513342539469        2.44256671269735      -0.200899579652397     
   4.88513342539469        2.74788755178452      -0.197883745976308     
   4.88513342539469        3.05320839087168      -0.193351193719602     
   4.88513342539469        3.35852922995885      -0.187563195540922     
   4.88513342539469        3.66385006904602      -0.180772950146918     
   4.88513342539469        3.96917090813319      -0.173239527563143     
   4.88513342539469        4.27449174722036      -0.165231674605065     
   4.88513342539469        4.57981258630753      -0.157001796113200     
   4.88513342539469        4.88513342539469      -0.148745132970018     
   4.88513342539469        5.19045426448186      -0.140586162850186     
   4.88513342539469        5.49577510356903      -0.132611940819721     
   4.88513342539469        5.80109594265620      -0.124919673824017     
   4.88513342539469        6.10641678174337      -0.117631396272686     
   4.88513342539469        6.41173762083054      -0.110860445684008     
   4.88513342539469        6.71705845991770      -0.104662118081335     
   4.88513342539469        7.02237929900487      -9.901076292148710E-002
   4.88513342539469        7.32770013809204      -9.375790177678926E-002
   5.19045426448186       0.000000000000000E+000 -0.157531028040519     
   5.19045426448186       0.305320839087168      -0.164721046001177     
   5.19045426448186       0.610641678174337      -0.170094761881037     
   5.19045426448186       0.915962517261505      -0.174405891079570     
   5.19045426448186        1.22128335634867      -0.178139995001674     
   5.19045426448186        1.52660419543584      -0.181314512724554     
   5.19045426448186        1.83192503452301      -0.183639746717083     
   5.19045426448186        2.13724587361018      -0.184756409988381     
   5.19045426448186        2.44256671269735      -0.184421603505202     
   5.19045426448186        2.74788755178452      -0.182573952381090     
   5.19045426448186        3.05320839087168      -0.179291671642811     
   5.19045426448186        3.35852922995885      -0.174724272621299     
   5.19045426448186        3.66385006904602      -0.169064779237405     
   5.19045426448186        3.96917090813319      -0.162550438324046     
   5.19045426448186        4.27449174722036      -0.155453607473178     
   5.19045426448186        4.57981258630753      -0.148052039343850     
   5.19045426448186        4.88513342539469      -0.140585532614734     
   5.19045426448186        5.19045426448186      -0.133225721722106     
   5.19045426448186        5.49577510356903      -0.126080197507027     
   5.19045426448186        5.80109594265620      -0.119218490806839     
   5.19045426448186        6.10641678174337      -0.112691272810554     
   5.19045426448186        6.41173762083054      -0.106529977514004     
   5.19045426448186        6.71705845991770      -0.100740684972426     
   5.19045426448186        7.02237929900487      -9.530793747195054E-002
   5.19045426448186        7.32770013809204      -9.019777018659331E-002
   5.49577510356903       0.000000000000000E+000 -0.141151488105989     
   5.49577510356903       0.305320839087168      -0.147872240130849     
   5.49577510356903       0.610641678174337      -0.153725370280406     
   5.49577510356903       0.915962517261505      -0.158667921000892     
   5.49577510356903        1.22128335634867      -0.162745996503984     
   5.49577510356903        1.52660419543584      -0.166071407219827     
   5.49577510356903        1.83192503452301      -0.168578293487513     
   5.49577510356903        2.13724587361018      -0.170047929171477     
   5.49577510356903        2.44256671269735      -0.170266487427579     
   5.49577510356903        2.74788755178452      -0.169123815149287     
   5.49577510356903        3.05320839087168      -0.166624884446997     
   5.49577510356903        3.35852922995885      -0.162861963120884     
   5.49577510356903        3.66385006904602      -0.157996585282675     
   5.49577510356903        3.96917090813319      -0.152255675013215     
   5.49577510356903        4.27449174722036      -0.145919223046252     
   5.49577510356903        4.57981258630753      -0.139284004415340     
   5.49577510356903        4.88513342539469      -0.132610104700215     
   5.49577510356903        5.19045426448186      -0.126079055446287     
   5.49577510356903        5.49577510356903      -0.119785803634735     
   5.49577510356903        5.80109594265620      -0.113759458841819     
   5.49577510356903        6.10641678174337      -0.107989722891719     
   5.49577510356903        6.41173762083054      -0.102443777843893     
   5.49577510356903        6.71705845991770      -9.710231827638112E-002
   5.49577510356903        7.02237929900487      -9.201015405675950E-002
   5.49577510356903        7.32770013809204      -8.721135245102518E-002
   5.80109594265620       0.000000000000000E+000 -0.129866546237749     
   5.80109594265620       0.305320839087168      -0.135651668293659     
   5.80109594265620       0.610641678174337      -0.141142696211469     
   5.80109594265620       0.915962517261505      -0.146008138079268     
   5.80109594265620        1.22128335634867      -0.150046159813150     
   5.80109594265620        1.52660419543584      -0.153262898897127     
   5.80109594265620        1.83192503452301      -0.155680857246646     
   5.80109594265620        2.13724587361018      -0.157184889286691     
   5.80109594265620        2.44256671269735      -0.157593292038729     
   5.80109594265620        2.74788755178452      -0.156787526683210     
   5.80109594265620        3.05320839087168      -0.154748765523794     
   5.80109594265620        3.35852922995885      -0.151545659182676     
   5.80109594265620        3.66385006904602      -0.147315993649520     
   5.80109594265620        3.96917090813319      -0.142262555487066     
   5.80109594265620        4.27449174722036      -0.136653333308487     
   5.80109594265620        4.57981258630753      -0.130785356182502     
   5.80109594265620        4.88513342539469      -0.124916448860626     
   5.80109594265620        5.19045426448186      -0.119216227720086     
   5.80109594265620        5.49577510356903      -0.113758482216936     
   5.80109594265620        5.80109594265620      -0.108545191067325     
   5.80109594265620        6.10641678174337      -0.103534321982545     
   5.80109594265620        6.41173762083054      -9.870775627364450E-002
   5.80109594265620        6.71705845991770      -9.403047376706636E-002
   5.80109594265620        7.02237929900487      -8.949047465852328E-002
   5.80109594265620        7.32770013809204      -8.510482498827276E-002
   6.10641678174337       0.000000000000000E+000 -0.123100377174978     
   6.10641678174337       0.305320839087168      -0.127504853454816     
   6.10641678174337       0.610641678174337      -0.132100738914618     
   6.10641678174337       0.915962517261505      -0.136279225365685     
   6.10641678174337        1.22128335634867      -0.139661692559233     
   6.10641678174337        1.52660419543584      -0.142293806969843     
   6.10641678174337        1.83192503452301      -0.144259782579689     
   6.10641678174337        2.13724587361018      -0.145490034966608     
   6.10641678174337        2.44256671269735      -0.145812431329190     
   6.10641678174337        2.74788755178452      -0.145117509583457     
   6.10641678174337        3.05320839087168      -0.143387680122206     
   6.10641678174337        3.35852922995885      -0.140679143293805     
   6.10641678174337        3.66385006904602      -0.137088944089185     
   6.10641678174337        3.96917090813319      -0.132750313449960     
   6.10641678174337        4.27449174722036      -0.127865543797072     
   6.10641678174337        4.57981258630753      -0.122738808638959     
   6.10641678174337        4.88513342539469      -0.117627081686524     
   6.10641678174337        5.19045426448186      -0.112688500261221     
   6.10641678174337        5.49577510356903      -0.107988483392082     
   6.10641678174337        5.80109594265620      -0.103534091500273     
   6.10641678174337        6.10641678174337      -9.936973002743377E-002
   6.10641678174337        6.41173762083054      -9.541782317744764E-002
   6.10641678174337        6.71705845991770      -9.155778418246530E-002
   6.10641678174337        7.02237929900487      -8.772721426721231E-002
   6.10641678174337        7.32770013809204      -8.385963247020525E-002
   6.41173762083054       0.000000000000000E+000 -0.119791040119453     
   6.41173762083054       0.305320839087168      -0.122268629772303     
   6.41173762083054       0.610641678174337      -0.125549001314134     
   6.41173762083054       0.915962517261505      -0.128584641756953     
   6.41173762083054        1.22128335634867      -0.130860275362083     
   6.41173762083054        1.52660419543584      -0.132569940251527     
   6.41173762083054        1.83192503452301      -0.133850647121213     
   6.41173762083054        2.13724587361018      -0.134636230208405     
   6.41173762083054        2.44256671269735      -0.134748889638865     
   6.41173762083054        2.74788755178452      -0.134088685523652     
   6.41173762083054        3.05320839087168      -0.132584226684711     
   6.41173762083054        3.35852922995885      -0.130292584893447     
   6.41173762083054        3.66385006904602      -0.127383064158078     
   6.41173762083054        3.96917090813319      -0.123895090870388     
   6.41173762083054        4.27449174722036      -0.119819981257474     
   6.41173762083054        4.57981258630753      -0.115352906330389     
   6.41173762083054        4.88513342539469      -0.110855982426588     
   6.41173762083054        5.19045426448186      -0.106527930359467     
   6.41173762083054        5.49577510356903      -0.102443438115052     
   6.41173762083054        5.80109594265620      -9.870830861458177E-002
   6.41173762083054        6.10641678174337      -9.541846840099701E-002
   6.41173762083054        6.41173762083054      -9.238011293921639E-002
   6.41173762083054        6.71705845991770      -8.938489670759668E-002
   6.41173762083054        7.02237929900487      -8.639966707631426E-002
   6.41173762083054        7.32770013809204      -8.325778200544763E-002
   6.71705845991770       0.000000000000000E+000 -0.117839121619905     
   6.71705845991770       0.305320839087168      -0.117871326604575     
   6.71705845991770       0.610641678174337      -0.119883502503176     
   6.71705845991770       0.915962517261505      -0.121607256613040     
   6.71705845991770        1.22128335634867      -0.122715305736050     
   6.71705845991770        1.52660419543584      -0.123547283881579     
   6.71705845991770        1.83192503452301      -0.124196878926772     
   6.71705845991770        2.13724587361018      -0.124579319650068     
   6.71705845991770        2.44256671269735      -0.124513409386968     
   6.71705845991770        2.74788755178452      -0.123855080384664     
   6.71705845991770        3.05320839087168      -0.122502858439708     
   6.71705845991770        3.35852922995885      -0.120703107769750     
   6.71705845991770        3.66385006904602      -0.118652484943512     
   6.71705845991770        3.96917090813319      -0.116112560716055     
   6.71705845991770        4.27449174722036      -0.112784857031343     
   6.71705845991770        4.57981258630753      -0.108780180402895     
   6.71705845991770        4.88513342539469      -0.104659604411935     
   6.71705845991770        5.19045426448186      -0.100741196935582     
   6.71705845991770        5.49577510356903      -9.710431189356707E-002
   6.71705845991770        5.80109594265620      -9.403287800321769E-002
   6.71705845991770        6.10641678174337      -9.155985837539476E-002
   6.71705845991770        6.41173762083054      -8.938618716443898E-002
   6.71705845991770        6.71705845991770      -8.708249829054253E-002
   6.71705845991770        7.02237929900487      -8.481119022528996E-002
   6.71705845991770        7.32770013809204      -8.278067735767031E-002
   7.02237929900487       0.000000000000000E+000 -0.112942525440272     
   7.02237929900487       0.305320839087168      -0.112828639280974     
   7.02237929900487       0.610641678174337      -0.113030582760054     
   7.02237929900487       0.915962517261505      -0.113767812419481     
   7.02237929900487        1.22128335634867      -0.114400336432458     
   7.02237929900487        1.52660419543584      -0.114858537287625     
   7.02237929900487        1.83192503452301      -0.115198665690522     
   7.02237929900487        2.13724587361018      -0.115374237010234     
   7.02237929900487        2.44256671269735      -0.115246139012269     
   7.02237929900487        2.74788755178452      -0.114671234019742     
   7.02237929900487        3.05320839087168      -0.113742515514689     
   7.02237929900487        3.35852922995885      -0.112942188179660     
   7.02237929900487        3.66385006904602      -0.112131165405949     
   7.02237929900487        3.96917090813319      -0.110088813821253     
   7.02237929900487        4.27449174722036      -0.107092079335729     
   7.02237929900487        4.57981258630753      -0.103111005063156     
   7.02237929900487        4.88513342539469      -9.901397261978449E-002
   7.02237929900487        5.19045426448186      -9.531307636467710E-002
   7.02237929900487        5.49577510356903      -9.201575927352718E-002
   7.02237929900487        5.80109594265620      -8.949548412996633E-002
   7.02237929900487        6.10641678174337      -8.773099900235456E-002
   7.02237929900487        6.41173762083054      -8.640215653143835E-002
   7.02237929900487        6.71705845991770      -8.481273935074828E-002
   7.02237929900487        7.02237929900487      -8.282159460124276E-002
   7.02237929900487        7.32770013809204      -8.149094603129811E-002
   7.32770013809204       0.000000000000000E+000 -0.106641399258992     
   7.32770013809204       0.305320839087168      -0.105890924655800     
   7.32770013809204       0.610641678174337      -0.104131278255314     
   7.32770013809204       0.915962517261505      -0.105033938368453     
   7.32770013809204        1.22128335634867      -0.105933130859849     
   7.32770013809204        1.52660419543584      -0.106504012889216     
   7.32770013809204        1.83192503452301      -0.106855232275402     
   7.32770013809204        2.13724587361018      -0.107028785436362     
   7.32770013809204        2.44256671269735      -0.106963266505968     
   7.32770013809204        2.74788755178452      -0.106708187020519     
   7.32770013809204        3.05320839087168      -0.106534404883211     
   7.32770013809204        3.35852922995885      -0.106878265241495     
   7.32770013809204        3.66385006904602      -0.106986821792922     
   7.32770013809204        3.96917090813319      -0.104995989165241     
   7.32770013809204        4.27449174722036      -0.102187666981382     
   7.32770013809204        4.57981258630753      -9.796968288941334E-002
   7.32770013809204        4.88513342539469      -9.377014977575959E-002
   7.32770013809204        5.19045426448186      -9.020876196639993E-002
   7.32770013809204        5.49577510356903      -8.722108222624408E-002
   7.32770013809204        5.80109594265620      -8.511256726717763E-002
   7.32770013809204        6.10641678174337      -8.386479908009224E-002
   7.32770013809204        6.41173762083054      -8.326022595643652E-002
   7.32770013809204        6.71705845991770      -8.278087450964046E-002
   7.32770013809204        7.02237929900487      -8.149029336542631E-002
   7.32770013809204        7.32770013809204      -7.850978598768917E-002
