  0.000000000000000E+000  0.000000000000000E+000 -0.471682824385927     
  0.000000000000000E+000  0.305320839087168      -0.441195351962264     
  0.000000000000000E+000  0.610641678174337      -0.389094183773899     
  0.000000000000000E+000  0.915962517261505      -0.340274949317909     
  0.000000000000000E+000   1.22128335634867      -0.303712844912506     
  0.000000000000000E+000   1.52660419543584      -0.275295716015427     
  0.000000000000000E+000   1.83192503452301      -0.251008673656280     
  0.000000000000000E+000   2.13724587361018      -0.228792704120207     
  0.000000000000000E+000   2.44256671269735      -0.207991802017825     
  0.000000000000000E+000   2.74788755178452      -0.188457732151893     
  0.000000000000000E+000   3.05320839087168      -0.172525297676603     
  0.000000000000000E+000   3.35852922995885      -0.164830691954796     
  0.000000000000000E+000   3.66385006904602      -0.160566853160938     
  0.000000000000000E+000   3.96917090813319      -0.147821342340634     
  0.000000000000000E+000   4.27449174722036      -0.135351111515881     
  0.000000000000000E+000   4.57981258630753      -0.121978547479019     
  0.000000000000000E+000   4.88513342539469      -0.110394648577534     
  0.000000000000000E+000   5.19045426448186      -0.101324211238646     
  0.000000000000000E+000   5.49577510356903      -9.409558881766186E-002
  0.000000000000000E+000   5.80109594265620      -8.948087394139774E-002
  0.000000000000000E+000   6.10641678174337      -8.730934042909208E-002
  0.000000000000000E+000   6.41173762083054      -8.687583708399178E-002
  0.000000000000000E+000   6.71705845991770      -8.669931739706932E-002
  0.000000000000000E+000   7.02237929900487      -8.409176858683254E-002
  0.000000000000000E+000   7.32770013809204      -7.931452686570385E-002
  0.305320839087168       0.000000000000000E+000 -0.516361837931284     
  0.305320839087168       0.305320839087168      -0.464071024882753     
  0.305320839087168       0.610641678174337      -0.412025180252332     
  0.305320839087168       0.915962517261505      -0.368417596442723     
  0.305320839087168        1.22128335634867      -0.331177035511287     
  0.305320839087168        1.52660419543584      -0.299389241415160     
  0.305320839087168        1.83192503452301      -0.271248209429400     
  0.305320839087168        2.13724587361018      -0.245636091921351     
  0.305320839087168        2.44256671269735      -0.222411051271186     
  0.305320839087168        2.74788755178452      -0.201074694328589     
  0.305320839087168        3.05320839087168      -0.183499991341698     
  0.305320839087168        3.35852922995885      -0.173047752925019     
  0.305320839087168        3.66385006904602      -0.166091873895933     
  0.305320839087168        3.96917090813319      -0.153259249674257     
  0.305320839087168        4.27449174722036      -0.138894406824382     
  0.305320839087168        4.57981258630753      -0.125041738755128     
  0.305320839087168        4.88513342539469      -0.113280008006084     
  0.305320839087168        5.19045426448186      -0.103910642000557     
  0.305320839087168        5.49577510356903      -9.637170962282146E-002
  0.305320839087168        5.80109594265620      -9.131670455669390E-002
  0.305320839087168        6.10641678174337      -8.850334318164349E-002
  0.305320839087168        6.41173762083054      -8.710312022766659E-002
  0.305320839087168        6.71705845991770      -8.547091220461069E-002
  0.305320839087168        7.02237929900487      -8.234842000957848E-002
  0.305320839087168        7.32770013809204      -7.979484524187148E-002
  0.610641678174337       0.000000000000000E+000 -0.533346315055023     
  0.610641678174337       0.305320839087168      -0.499957890445564     
  0.610641678174337       0.610641678174337      -0.446802430426138     
  0.610641678174337       0.915962517261505      -0.399954247499769     
  0.610641678174337        1.22128335634867      -0.358718025413044     
  0.610641678174337        1.52660419543584      -0.322279041882040     
  0.610641678174337        1.83192503452301      -0.289818096520577     
  0.610641678174337        2.13724587361018      -0.261172262631734     
  0.610641678174337        2.44256671269735      -0.236120396652510     
  0.610641678174337        2.74788755178452      -0.213845115302075     
  0.610641678174337        3.05320839087168      -0.195257476877504     
  0.610641678174337        3.35852922995885      -0.181482931132715     
  0.610641678174337        3.66385006904602      -0.170105240678431     
  0.610641678174337        3.96917090813319      -0.156625209113225     
  0.610641678174337        4.27449174722036      -0.141676256674856     
  0.610641678174337        4.57981258630753      -0.127693251076329     
  0.610641678174337        4.88513342539469      -0.115981517164345     
  0.610641678174337        5.19045426448186      -0.106462765841391     
  0.610641678174337        5.49577510356903      -9.879744588767757E-002
  0.610641678174337        5.80109594265620      -9.322672418573916E-002
  0.610641678174337        6.10641678174337      -8.956270065273939E-002
  0.610641678174337        6.41173762083054      -8.696875233394659E-002
  0.610641678174337        6.71705845991770      -8.429757756064793E-002
  0.610641678174337        7.02237929900487      -8.113090046018044E-002
  0.610641678174337        7.32770013809204      -7.818576936355692E-002
  0.915962517261505       0.000000000000000E+000 -0.549915771718691     
  0.915962517261505       0.305320839087168      -0.528110920650105     
  0.915962517261505       0.610641678174337      -0.480859032025506     
  0.915962517261505       0.915962517261505      -0.430281542322336     
  0.915962517261505        1.22128335634867      -0.383587045226033     
  0.915962517261505        1.52660419543584      -0.341888115063773     
  0.915962517261505        1.83192503452301      -0.305192333666841     
  0.915962517261505        2.13724587361018      -0.274106797589997     
  0.915962517261505        2.44256671269735      -0.247317795837627     
  0.915962517261505        2.74788755178452      -0.223954271796177     
  0.915962517261505        3.05320839087168      -0.204054760159830     
  0.915962517261505        3.35852922995885      -0.187476360026097     
  0.915962517261505        3.66385006904602      -0.172760134763362     
  0.915962517261505        3.96917090813319      -0.158038154159059     
  0.915962517261505        4.27449174722036      -0.143299883988980     
  0.915962517261505        4.57981258630753      -0.129810677673761     
  0.915962517261505        4.88513342539469      -0.118341519769189     
  0.915962517261505        5.19045426448186      -0.108866701456970     
  0.915962517261505        5.49577510356903      -0.101195740755761     
  0.915962517261505        5.80109594265620      -9.517143359401634E-002
  0.915962517261505        6.10641678174337      -9.067539478503576E-002
  0.915962517261505        6.41173762083054      -8.707331917810857E-002
  0.915962517261505        6.71705845991770      -8.369356329105858E-002
  0.915962517261505        7.02237929900487      -8.020160279411181E-002
  0.915962517261505        7.32770013809204      -7.661999486965061E-002
   1.22128335634867       0.000000000000000E+000 -0.557316846549246     
   1.22128335634867       0.305320839087168      -0.541319617792507     
   1.22128335634867       0.610641678174337      -0.500940038986953     
   1.22128335634867       0.915962517261505      -0.451294809276286     
   1.22128335634867        1.22128335634867      -0.401665553537448     
   1.22128335634867        1.52660419543584      -0.356080860149385     
   1.22128335634867        1.83192503452301      -0.316646660031829     
   1.22128335634867        2.13724587361018      -0.283572077142855     
   1.22128335634867        2.44256671269735      -0.255066731453438     
   1.22128335634867        2.74788755178452      -0.230351493514728     
   1.22128335634867        3.05320839087168      -0.209063285291454     
   1.22128335634867        3.35852922995885      -0.190704869312438     
   1.22128335634867        3.66385006904602      -0.174249645129416     
   1.22128335634867        3.96917090813319      -0.158833040917850     
   1.22128335634867        4.27449174722036      -0.144431813582439     
   1.22128335634867        4.57981258630753      -0.131528828137742     
   1.22128335634867        4.88513342539469      -0.120395647583878     
   1.22128335634867        5.19045426448186      -0.111062463704048     
   1.22128335634867        5.49577510356903      -0.103374041526110     
   1.22128335634867        5.80109594265620      -9.703439644134339E-002
   1.22128335634867        6.10641678174337      -9.182151135280754E-002
   1.22128335634867        6.41173762083054      -8.735475769272973E-002
   1.22128335634867        6.71705845991770      -8.323894050345779E-002
   1.22128335634867        7.02237929900487      -7.924503476435416E-002
   1.22128335634867        7.32770013809204      -7.533129347635584E-002
   1.52660419543584       0.000000000000000E+000 -0.554902409711922     
   1.52660419543584       0.305320839087168      -0.541805437458213     
   1.52660419543584       0.610641678174337      -0.507133596254753     
   1.52660419543584       0.915962517261505      -0.460353436420236     
   1.52660419543584        1.22128335634867      -0.410571554906284     
   1.52660419543584        1.52660419543584      -0.363946570664717     
   1.52660419543584        1.83192503452301      -0.323735144017968     
   1.52660419543584        2.13724587361018      -0.288960786527939     
   1.52660419543584        2.44256671269735      -0.258970540664512     
   1.52660419543584        2.74788755178452      -0.233220752364062     
   1.52660419543584        3.05320839087168      -0.211102908480229     
   1.52660419543584        3.35852922995885      -0.191890073206182     
   1.52660419543584        3.66385006904602      -0.174821241203310     
   1.52660419543584        3.96917090813319      -0.159356048105045     
   1.52660419543584        4.27449174722036      -0.145353869581825     
   1.52660419543584        4.57981258630753      -0.132921252939915     
   1.52660419543584        4.88513342539469      -0.122150923678687     
   1.52660419543584        5.19045426448186      -0.112997318713704     
   1.52660419543584        5.49577510356903      -0.105271492660230     
   1.52660419543584        5.80109594265620      -9.868971726952194E-002
   1.52660419543584        6.10641678174337      -9.293726753563963E-002
   1.52660419543584        6.41173762083054      -8.778380296458251E-002
   1.52660419543584        6.71705845991770      -8.304531108796134E-002
   1.52660419543584        7.02237929900487      -7.862637678925187E-002
   1.52660419543584        7.32770013809204      -7.451521698362501E-002
   1.83192503452301       0.000000000000000E+000 -0.544017054222868     
   1.83192503452301       0.305320839087168      -0.532700974164496     
   1.83192503452301       0.610641678174337      -0.501230276378672     
   1.83192503452301       0.915962517261505      -0.457688100315041     
   1.83192503452301        1.22128335634867      -0.411143890206799     
   1.83192503452301        1.52660419543584      -0.366485758601013     
   1.83192503452301        1.83192503452301      -0.325708082645186     
   1.83192503452301        2.13724587361018      -0.289749032873467     
   1.83192503452301        2.44256671269735      -0.258872724436134     
   1.83192503452301        2.74788755178452      -0.232746769013404     
   1.83192503452301        3.05320839087168      -0.210593672491522     
   1.83192503452301        3.35852922995885      -0.191470586045816     
   1.83192503452301        3.66385006904602      -0.174569069002956     
   1.83192503452301        3.96917090813319      -0.159409378273235     
   1.83192503452301        4.27449174722036      -0.145842743782215     
   1.83192503452301        4.57981258630753      -0.133882365543513     
   1.83192503452301        4.88513342539469      -0.123508245106151     
   1.83192503452301        5.19045426448186      -0.114576225162558     
   1.83192503452301        5.49577510356903      -0.106842357016696     
   1.83192503452301        5.80109594265620      -0.100037242781516     
   1.83192503452301        6.10641678174337      -9.392687443903008E-002
   1.83192503452301        6.41173762083054      -8.833681200008731E-002
   1.83192503452301        6.71705845991770      -8.317510996717570E-002
   1.83192503452301        7.02237929900487      -7.845825954790292E-002
   1.83192503452301        7.32770013809204      -7.421661784830101E-002
   2.13724587361018       0.000000000000000E+000 -0.528959569179962     
   2.13724587361018       0.305320839087168      -0.518290935712098     
   2.13724587361018       0.610641678174337      -0.489678915237333     
   2.13724587361018       0.915962517261505      -0.450210759038118     
   2.13724587361018        1.22128335634867      -0.406370277070849     
   2.13724587361018        1.52660419543584      -0.362609264753554     
   2.13724587361018        1.83192503452301      -0.321791554011694     
   2.13724587361018        2.13724587361018      -0.285651085311536     
   2.13724587361018        2.44256671269735      -0.254890206120911     
   2.13724587361018        2.74788755178452      -0.229249266135881     
   2.13724587361018        3.05320839087168      -0.207797801273051     
   2.13724587361018        3.35852922995885      -0.189405414577340     
   2.13724587361018        3.66385006904602      -0.173172449846592     
   2.13724587361018        3.96917090813319      -0.158627176290550     
   2.13724587361018        4.27449174722036      -0.145649793967893     
   2.13724587361018        4.57981258630753      -0.134242255796715     
   2.13724587361018        4.88513342539469      -0.124324303799520     
   2.13724587361018        5.19045426448186      -0.115673286253021     
   2.13724587361018        5.49577510356903      -0.107998044002397     
   2.13724587361018        5.80109594265620      -0.101048658387069     
   2.13724587361018        6.10641678174337      -9.467501838976339E-002
   2.13724587361018        6.41173762083054      -8.881662815156863E-002
   2.13724587361018        6.71705845991770      -8.346347127031675E-002
   2.13724587361018        7.02237929900487      -7.862854604988846E-002
   2.13724587361018        7.32770013809204      -7.432551463910222E-002
   2.44256671269735       0.000000000000000E+000 -0.526866401936282     
   2.44256671269735       0.305320839087168      -0.514085525634100     
   2.44256671269735       0.610641678174337      -0.480987645079997     
   2.44256671269735       0.915962517261505      -0.439005737616269     
   2.44256671269735        1.22128335634867      -0.394805891976742     
   2.44256671269735        1.52660419543584      -0.351706245699961     
   2.44256671269735        1.83192503452301      -0.311914305774255     
   2.44256671269735        2.13724587361018      -0.276972217274141     
   2.44256671269735        2.44256671269735      -0.247536181133477     
   2.44256671269735        2.74788755178452      -0.223273208120168     
   2.44256671269735        3.05320839087168      -0.203137391091316     
   2.44256671269735        3.35852922995885      -0.185901815997291     
   2.44256671269735        3.66385006904602      -0.170639913692940     
   2.44256671269735        3.96917090813319      -0.156916389503151     
   2.44256671269735        4.27449174722036      -0.144660590476991     
   2.44256671269735        4.57981258630753      -0.133888088322753     
   2.44256671269735        4.88513342539469      -0.124484800222885     
   2.44256671269735        5.19045426448186      -0.116174409530969     
   2.44256671269735        5.49577510356903      -0.108637304935335     
   2.44256671269735        5.80109594265620      -0.101648855875467     
   2.44256671269735        6.10641678174337      -9.513099030132355E-002
   2.44256671269735        6.41173762083054      -8.910697678604264E-002
   2.44256671269735        6.71705845991770      -8.362520669125215E-002
   2.44256671269735        7.02237929900487      -7.872602726968046E-002
   2.44256671269735        7.32770013809204      -7.443988118756772E-002
   2.74788755178452       0.000000000000000E+000 -0.524940653762932     
   2.74788755178452       0.305320839087168      -0.510080128018620     
   2.74788755178452       0.610641678174337      -0.471949001621418     
   2.74788755178452       0.915962517261505      -0.423553974295767     
   2.74788755178452        1.22128335634867      -0.376809176338093     
   2.74788755178452        1.52660419543584      -0.334708282738201     
   2.74788755178452        1.83192503452301      -0.297168605836932     
   2.74788755178452        2.13724587361018      -0.264747722585039     
   2.74788755178452        2.44256671269735      -0.237692259727087     
   2.74788755178452        2.74788755178452      -0.215505812856349     
   2.74788755178452        3.05320839087168      -0.197094301534858     
   2.74788755178452        3.35852922995885      -0.181251152624715     
   2.74788755178452        3.66385006904602      -0.167114219810074     
   2.74788755178452        3.96917090813319      -0.154327014726867     
   2.74788755178452        4.27449174722036      -0.142876878844608     
   2.74788755178452        4.57981258630753      -0.132793806472290     
   2.74788755178452        4.88513342539469      -0.123940511665176     
   2.74788755178452        5.19045426448186      -0.116010686128931     
   2.74788755178452        5.49577510356903      -0.108680167049004     
   2.74788755178452        5.80109594265620      -0.101757163490099     
   2.74788755178452        6.10641678174337      -9.521954957093309E-002
   2.74788755178452        6.41173762083054      -8.913750184872206E-002
   2.74788755178452        6.71705845991770      -8.359577260141036E-002
   2.74788755178452        7.02237929900487      -7.877257064859240E-002
   2.74788755178452        7.32770013809204      -7.469383132408841E-002
   3.05320839087168       0.000000000000000E+000 -0.511513061650145     
   3.05320839087168       0.305320839087168      -0.494186049050844     
   3.05320839087168       0.610641678174337      -0.452061838374807     
   3.05320839087168       0.915962517261505      -0.401903843711264     
   3.05320839087168        1.22128335634867      -0.354135044908187     
   3.05320839087168        1.52660419543584      -0.313793306744138     
   3.05320839087168        1.83192503452301      -0.279471513191012     
   3.05320839087168        2.13724587361018      -0.250425433830451     
   3.05320839087168        2.44256671269735      -0.226355168045919     
   3.05320839087168        2.74788755178452      -0.206593604117876     
   3.05320839087168        3.05320839087168      -0.190074517285624     
   3.05320839087168        3.35852922995885      -0.175707339174471     
   3.05320839087168        3.66385006904602      -0.162758566466037     
   3.05320839087168        3.96917090813319      -0.150968610968507     
   3.05320839087168        4.27449174722036      -0.140372463334500     
   3.05320839087168        4.57981258630753      -0.131002773553184     
   3.05320839087168        4.88513342539469      -0.122705105545799     
   3.05320839087168        5.19045426448186      -0.115167819448895     
   3.05320839087168        5.49577510356903      -0.108088508110809     
   3.05320839087168        5.80109594265620      -0.101316803639261     
   3.05320839087168        6.10641678174337      -9.487035931298932E-002
   3.05320839087168        6.41173762083054      -8.881447807782593E-002
   3.05320839087168        6.71705845991770      -8.330931583769849E-002
   3.05320839087168        7.02237929900487      -7.874538750110621E-002
   3.05320839087168        7.32770013809204      -7.510826302790338E-002
   3.35852922995885       0.000000000000000E+000 -0.480852017787112     
   3.35852922995885       0.305320839087168      -0.463630157020625     
   3.35852922995885       0.610641678174337      -0.422199944541462     
   3.35852922995885       0.915962517261505      -0.373627562393743     
   3.35852922995885        1.22128335634867      -0.328577095707806     
   3.35852922995885        1.52660419543584      -0.291211508329199     
   3.35852922995885        1.83192503452301      -0.260666293290645     
   3.35852922995885        2.13724587361018      -0.235275352429339     
   3.35852922995885        2.44256671269735      -0.214306738996042     
   3.35852922995885        2.74788755178452      -0.196990018736269     
   3.35852922995885        3.05320839087168      -0.182348501553539     
   3.35852922995885        3.35852922995885      -0.169454720882438     
   3.35852922995885        3.66385006904602      -0.157720035713285     
   3.35852922995885        3.96917090813319      -0.146966819507112     
   3.35852922995885        4.27449174722036      -0.137251031178524     
   3.35852922995885        4.57981258630753      -0.128593675516626     
   3.35852922995885        4.88513342539469      -0.120832957307125     
   3.35852922995885        5.19045426448186      -0.113678418630213     
   3.35852922995885        5.49577510356903      -0.106873888686150     
   3.35852922995885        5.80109594265620      -0.100317323961373     
   3.35852922995885        6.10641678174337      -9.405033679790657E-002
   3.35852922995885        6.41173762083054      -8.807838341400351E-002
   3.35852922995885        6.71705845991770      -8.267802881259861E-002
   3.35852922995885        7.02237929900487      -7.853929614066901E-002
   3.35852922995885        7.32770013809204      -7.545409589174523E-002
   3.66385006904602       0.000000000000000E+000 -0.432858047046234     
   3.66385006904602       0.305320839087168      -0.421963336825605     
   3.66385006904602       0.610641678174337      -0.386126114015319     
   3.66385006904602       0.915962517261505      -0.341965681135389     
   3.66385006904602        1.22128335634867      -0.301424282153520     
   3.66385006904602        1.52660419543584      -0.268273343557611     
   3.66385006904602        1.83192503452301      -0.241774370750758     
   3.66385006904602        2.13724587361018      -0.219972422374989     
   3.66385006904602        2.44256671269735      -0.201955698602778     
   3.66385006904602        2.74788755178452      -0.186950766950893     
   3.66385006904602        3.05320839087168      -0.174105913175312     
   3.66385006904602        3.35852922995885      -0.162659772442697     
   3.66385006904602        3.66385006904602      -0.152151187748873     
   3.66385006904602        3.96917090813319      -0.142455098100800     
   3.66385006904602        4.27449174722036      -0.133621919059337     
   3.66385006904602        4.57981258630753      -0.125653806089654     
   3.66385006904602        4.88513342539469      -0.118397179425182     
   3.66385006904602        5.19045426448186      -0.111608034588255     
   3.66385006904602        5.49577510356903      -0.105094375225409     
   3.66385006904602        5.80109594265620      -9.880436227353660E-002
   3.66385006904602        6.10641678174337      -9.278952432504017E-002
   3.66385006904602        6.41173762083054      -8.703371732018410E-002
   3.66385006904602        6.71705845991770      -8.187217767969825E-002
   3.66385006904602        7.02237929900487      -7.819525798077494E-002
   3.66385006904602        7.32770013809204      -7.561995042780736E-002
   3.96917090813319       0.000000000000000E+000 -0.389101287021611     
   3.96917090813319       0.305320839087168      -0.377004277402895     
   3.96917090813319       0.610641678174337      -0.345210734421027     
   3.96917090813319       0.915962517261505      -0.307378771428654     
   3.96917090813319        1.22128335634867      -0.272979216462966     
   3.96917090813319        1.52660419543584      -0.245153757928326     
   3.96917090813319        1.83192503452301      -0.222946582699226     
   3.96917090813319        2.13724587361018      -0.204658256873073     
   3.96917090813319        2.44256671269735      -0.189463144727400     
   3.96917090813319        2.74788755178452      -0.176671882275372     
   3.96917090813319        3.05320839087168      -0.165569882089381     
   3.96917090813319        3.35852922995885      -0.155546768107234     
   3.96917090813319        3.66385006904602      -0.146248377741571     
   3.96917090813319        3.96917090813319      -0.137585305219565     
   3.96917090813319        4.27449174722036      -0.129594214493215     
   3.96917090813319        4.57981258630753      -0.122265674823811     
   3.96917090813319        4.88513342539469      -0.115473740993075     
   3.96917090813319        5.19045426448186      -0.109038735938161     
   3.96917090813319        5.49577510356903      -0.102838772244895     
   3.96917090813319        5.80109594265620      -9.686654901167269E-002
   3.96917090813319        6.10641678174337      -9.118653975888984E-002
   3.96917090813319        6.41173762083054      -8.582323164963516E-002
   3.96917090813319        6.71705845991770      -8.108903804653547E-002
   3.96917090813319        7.02237929900487      -7.759582361019357E-002
   3.96917090813319        7.32770013809204      -7.495258634974351E-002
   4.27449174722036       0.000000000000000E+000 -0.330230881561309     
   4.27449174722036       0.305320839087168      -0.320812306696886     
   4.27449174722036       0.610641678174337      -0.297315221061374     
   4.27449174722036       0.915962517261505      -0.269270897503950     
   4.27449174722036        1.22128335634867      -0.243150473247815     
   4.27449174722036        1.52660419543584      -0.221712524091412     
   4.27449174722036        1.83192503452301      -0.204088227737761     
   4.27449174722036        2.13724587361018      -0.189385126629184     
   4.27449174722036        2.44256671269735      -0.177023955358033     
   4.27449174722036        2.74788755178452      -0.166441240361849     
   4.27449174722036        3.05320839087168      -0.157059245974017     
   4.27449174722036        3.35852922995885      -0.148410280353585     
   4.27449174722036        3.66385006904602      -0.140244793472963     
   4.27449174722036        3.96917090813319      -0.132517324583295     
   4.27449174722036        4.27449174722036      -0.125268509566997     
   4.27449174722036        4.57981258630753      -0.118499885075927     
   4.27449174722036        4.88513342539469      -0.112131438052876     
   4.27449174722036        5.19045426448186      -0.106052805337042     
   4.27449174722036        5.49577510356903      -0.100202219064195     
   4.27449174722036        5.80109594265620      -9.459996393068804E-002
   4.27449174722036        6.10641678174337      -8.931595492404275E-002
   4.27449174722036        6.41173762083054      -8.441712435924206E-002
   4.27449174722036        6.71705845991770      -8.012157599743994E-002
   4.27449174722036        7.02237929900487      -7.673696034670083E-002
   4.27449174722036        7.32770013809204      -7.397119024720805E-002
   4.57981258630753       0.000000000000000E+000 -0.267451584026044     
   4.57981258630753       0.305320839087168      -0.262070552409963     
   4.57981258630753       0.610641678174337      -0.248234265739271     
   4.57981258630753       0.915962517261505      -0.230718240003891     
   4.57981258630753        1.22128335634867      -0.213569518515148     
   4.57981258630753        1.52660419543584      -0.198489082102229     
   4.57981258630753        1.83192503452301      -0.185555365640054     
   4.57981258630753        2.13724587361018      -0.174526081329318     
   4.57981258630753        2.44256671269735      -0.165040880989806     
   4.57981258630753        2.74788755178452      -0.156653838276138     
   4.57981258630753        3.05320839087168      -0.148921204537168     
   4.57981258630753        3.35852922995885      -0.141523516200859     
   4.57981258630753        3.66385006904602      -0.134331665411740     
   4.57981258630753        3.96917090813319      -0.127370648676448     
   4.57981258630753        4.27449174722036      -0.120717629455852     
   4.57981258630753        4.57981258630753      -0.114412014038573     
   4.57981258630753        4.88513342539469      -0.108430410190448     
   4.57981258630753        5.19045426448186      -0.102723111850158     
   4.57981258630753        5.49577510356903      -9.726578943750024E-002
   4.57981258630753        5.80109594265620      -9.207973466702295E-002
   4.57981258630753        6.10641678174337      -8.721492869222046E-002
   4.57981258630753        6.41173762083054      -8.272982026565372E-002
   4.57981258630753        6.71705845991770      -7.872564609949875E-002
   4.57981258630753        7.02237929900487      -7.531262750519709E-002
   4.57981258630753        7.32770013809204      -7.228869053116607E-002
   4.88513342539469       0.000000000000000E+000 -0.215474891909511     
   4.88513342539469       0.305320839087168      -0.212933170208737     
   4.88513342539469       0.610641678174337      -0.206024914641498     
   4.88513342539469       0.915962517261505      -0.196497793546925     
   4.88513342539469        1.22128335634867      -0.186359218744638     
   4.88513342539469        1.52660419543584      -0.176812237547553     
   4.88513342539469        1.83192503452301      -0.168291602398478     
   4.88513342539469        2.13724587361018      -0.160781278745792     
   4.88513342539469        2.44256671269735      -0.154020624302781     
   4.88513342539469        2.74788755178452      -0.147654260664387     
   4.88513342539469        3.05320839087168      -0.141371670012064     
   4.88513342539469        3.35852922995885      -0.135009478807695     
   4.88513342539469        3.66385006904602      -0.128573990653038     
   4.88513342539469        3.96917090813319      -0.122183278336107     
   4.88513342539469        4.27449174722036      -0.115976374364425     
   4.88513342539469        4.57981258630753      -0.110046988303426     
   4.88513342539469        4.88513342539469      -0.104427651024708     
   4.88513342539469        5.19045426448186      -9.911269840121265E-002
   4.88513342539469        5.49577510356903      -9.409013767533168E-002
   4.88513342539469        5.80109594265620      -8.935713724961426E-002
   4.88513342539469        6.10641678174337      -8.491969826858778E-002
   4.88513342539469        6.41173762083054      -8.079297264286503E-002
   4.88513342539469        6.71705845991770      -7.700745654680684E-002
   4.88513342539469        7.02237929900487      -7.358640275456867E-002
   4.88513342539469        7.32770013809204      -7.044846057834672E-002
   5.19045426448186       0.000000000000000E+000 -0.176775743899238     
   5.19045426448186       0.305320839087168      -0.175747640825130     
   5.19045426448186       0.610641678174337      -0.172780116898229     
   5.19045426448186       0.915962517261505      -0.168372676200400     
   5.19045426448186        1.22128335634867      -0.163281424601379     
   5.19045426448186        1.52660419543584      -0.158162636210725     
   5.19045426448186        1.83192503452301      -0.153337262734353     
   5.19045426448186        2.13724587361018      -0.148785237615860     
   5.19045426448186        2.44256671269735      -0.144274664683661     
   5.19045426448186        2.74788755178452      -0.139530191258415     
   5.19045426448186        3.05320839087168      -0.134372760530898     
   5.19045426448186        3.35852922995885      -0.128786427583414     
   5.19045426448186        3.66385006904602      -0.122902199973073     
   5.19045426448186        3.96917090813319      -0.116926611037157     
   5.19045426448186        4.27449174722036      -0.111062080276866     
   5.19045426448186        4.57981258630753      -0.105456131897171     
   5.19045426448186        4.88513342539469      -0.100188601669563     
   5.19045426448186        5.19045426448186      -9.528276657330144E-002
   5.19045426448186        5.49577510356903      -9.072272044955278E-002
   5.19045426448186        5.80109594265620      -8.646883256765868E-002
   5.19045426448186        6.10641678174337      -8.247460293981587E-002
   5.19045426448186        6.41173762083054      -7.870698147953310E-002
   5.19045426448186        6.71705845991770      -7.516020920091848E-002
   5.19045426448186        7.02237929900487      -7.184587155999869E-002
   5.19045426448186        7.32770013809204      -6.875907484889747E-002
   5.49577510356903       0.000000000000000E+000 -0.147303798109181     
   5.49577510356903       0.305320839087168      -0.147292681486884     
   5.49577510356903       0.610641678174337      -0.147212531314902     
   5.49577510356903       0.915962517261505      -0.146641800773352     
   5.49577510356903        1.22128335634867      -0.145274560840279     
   5.49577510356903        1.52660419543584      -0.143361310535291     
   5.49577510356903        1.83192503452301      -0.141166009903914     
   5.49577510356903        2.13724587361018      -0.138673195704654     
   5.49577510356903        2.44256671269735      -0.135695165712056     
   5.49577510356903        2.74788755178452      -0.132047452560257     
   5.49577510356903        3.05320839087168      -0.127669034720027     
   5.49577510356903        3.35852922995885      -0.122651688081730     
   5.49577510356903        3.66385006904602      -0.117201584465650     
   5.49577510356903        3.96917090813319      -0.111575266627966     
   5.49577510356903        4.27449174722036      -0.106017943610289     
   5.49577510356903        4.57981258630753      -0.100720158135515     
   5.49577510356903        4.88513342539469      -9.580044648606002E-002
   5.49577510356903        5.19045426448186      -9.130472784130930E-002
   5.49577510356903        5.49577510356903      -8.721173979200539E-002
   5.49577510356903        5.80109594265620      -8.344873768174213E-002
   5.49577510356903        6.10641678174337      -7.992236388869327E-002
   5.49577510356903        6.41173762083054      -7.655406020261366E-002
   5.49577510356903        6.71705845991770      -7.330903337947184E-002
   5.49577510356903        7.02237929900487      -7.020739745201442E-002
   5.49577510356903        7.32770013809204      -6.727823507484924E-002
   5.80109594265620       0.000000000000000E+000 -0.128087178413365     
   5.80109594265620       0.305320839087168      -0.128684513793107     
   5.80109594265620       0.610641678174337      -0.129998117401498     
   5.80109594265620       0.915962517261505      -0.131305857056135     
   5.80109594265620        1.22128335634867      -0.132092317963844     
   5.80109594265620        1.52660419543584      -0.132135303135057     
   5.80109594265620        1.83192503452301      -0.131396794026039     
   5.80109594265620        2.13724587361018      -0.129991361248124     
   5.80109594265620        2.44256671269735      -0.127825660071691     
   5.80109594265620        2.74788755178452      -0.124816833878201     
   5.80109594265620        3.05320839087168      -0.120989622613957     
   5.80109594265620        3.35852922995885      -0.116470033285495     
   5.80109594265620        3.66385006904602      -0.111452071393977     
   5.80109594265620        3.96917090813319      -0.106186179388116     
   5.80109594265620        4.27449174722036      -0.100945788885238     
   5.80109594265620        4.57981258630753      -9.595945983593160E-002
   5.80109594265620        4.88513342539469      -9.137703612157028E-002
   5.80109594265620        5.19045426448186      -8.726769547761101E-002
   5.80109594265620        5.49577510356903      -8.361629667439807E-002
   5.80109594265620        5.80109594265620      -8.033549665584203E-002
   5.80109594265620        6.10641678174337      -7.730511836196177E-002
   5.80109594265620        6.41173762083054      -7.442137106823668E-002
   5.80109594265620        6.71705845991770      -7.160486274960982E-002
   5.80109594265620        7.02237929900487      -6.882317470314915E-002
   5.80109594265620        7.32770013809204      -6.609029105813753E-002
   6.10641678174337       0.000000000000000E+000 -0.118002197686926     
   6.10641678174337       0.305320839087168      -0.118786350175589     
   6.10641678174337       0.610641678174337      -0.120433043744016     
   6.10641678174337       0.915962517261505      -0.121908597611955     
   6.10641678174337        1.22128335634867      -0.122923074218434     
   6.10641678174337        1.52660419543584      -0.123377570058302     
   6.10641678174337        1.83192503452301      -0.123092384901104     
   6.10641678174337        2.13724587361018      -0.122027104077687     
   6.10641678174337        2.44256671269735      -0.120183955788773     
   6.10641678174337        2.74788755178452      -0.117575582322646     
   6.10641678174337        3.05320839087168      -0.114276492325524     
   6.10641678174337        3.35852922995885      -0.110345820854400     
   6.10641678174337        3.66385006904602      -0.105821669358785     
   6.10641678174337        3.96917090813319      -0.100916855791323     
   6.10641678174337        4.27449174722036      -9.598532534313357E-002
   6.10641678174337        4.57981258630753      -9.131400733304269E-002
   6.10641678174337        4.88513342539469      -8.704837215010991E-002
   6.10641678174337        5.19045426448186      -8.327504951792836E-002
   6.10641678174337        5.49577510356903      -8.000348122924024E-002
   6.10641678174337        5.80109594265620      -7.716026116981575E-002
   6.10641678174337        6.10641678174337      -7.467257506434972E-002
   6.10641678174337        6.41173762083054      -7.236725138807637E-002
   6.10641678174337        6.71705845991770      -7.006729315162730E-002
   6.10641678174337        7.02237929900487      -6.767187516278882E-002
   6.10641678174337        7.32770013809204      -6.515544434076098E-002
   6.41173762083054       0.000000000000000E+000 -0.114878723201107     
   6.41173762083054       0.305320839087168      -0.115351171152415     
   6.41173762083054       0.610641678174337      -0.115690752195220     
   6.41173762083054       0.915962517261505      -0.115718595496162     
   6.41173762083054        1.22128335634867      -0.115826780597357     
   6.41173762083054        1.52660419543584      -0.115824874058384     
   6.41173762083054        1.83192503452301      -0.115367119141473     
   6.41173762083054        2.13724587361018      -0.114276906339511     
   6.41173762083054        2.44256671269735      -0.112564937077891     
   6.41173762083054        2.74788755178452      -0.110335010277074     
   6.41173762083054        3.05320839087168      -0.107607148617024     
   6.41173762083054        3.35852922995885      -0.104309634311369     
   6.41173762083054        3.66385006904602      -0.100367022230251     
   6.41173762083054        3.96917090813319      -9.586970188048696E-002
   6.41173762083054        4.27449174722036      -9.124673851294757E-002
   6.41173762083054        4.57981258630753      -8.689332218709579E-002
   6.41173762083054        4.88513342539469      -8.294244714836388E-002
   6.41173762083054        5.19045426448186      -7.943353573707217E-002
   6.41173762083054        5.49577510356903      -7.643526990255275E-002
   6.41173762083054        5.80109594265620      -7.398064133383274E-002
   6.41173762083054        6.10641678174337      -7.205328566097348E-002
   6.41173762083054        6.41173762083054      -7.035078338455247E-002
   6.41173762083054        6.71705845991770      -6.856385181372900E-002
   6.41173762083054        7.02237929900487      -6.656745620987804E-002
   6.41173762083054        7.32770013809204      -6.433186759039519E-002
   6.71705845991770       0.000000000000000E+000 -0.114605493603068     
   6.71705845991770       0.305320839087168      -0.113770664442906     
   6.71705845991770       0.610641678174337      -0.110631047987919     
   6.71705845991770       0.915962517261505      -0.108975786211578     
   6.71705845991770        1.22128335634867      -0.108660265336383     
   6.71705845991770        1.52660419543584      -0.108455225472887     
   6.71705845991770        1.83192503452301      -0.107832028021134     
   6.71705845991770        2.13724587361018      -0.106684673611373     
   6.71705845991770        2.44256671269735      -0.105073985519525     
   6.71705845991770        2.74788755178452      -0.103068520579587     
   6.71705845991770        3.05320839087168      -0.100732165603963     
   6.71705845991770        3.35852922995885      -9.835493502654635E-002
   6.71705845991770        3.66385006904602      -9.533710212496534E-002
   6.71705845991770        3.96917090813319      -9.133573558856890E-002
   6.71705845991770        4.27449174722036      -8.709531445845527E-002
   6.71705845991770        4.57981258630753      -8.293717805693906E-002
   6.71705845991770        4.88513342539469      -7.918832276025474E-002
   6.71705845991770        5.19045426448186      -7.584514671114057E-002
   6.71705845991770        5.49577510356903      -7.298504135510778E-002
   6.71705845991770        5.80109594265620      -7.088236232993474E-002
   6.71705845991770        6.10641678174337      -6.949105011294276E-002
   6.71705845991770        6.41173762083054      -6.837519306967642E-002
   6.71705845991770        6.71705845991770      -6.694639582079069E-002
   6.71705845991770        7.02237929900487      -6.518032407776067E-002
   6.71705845991770        7.32770013809204      -6.342154327552314E-002
   7.02237929900487       0.000000000000000E+000 -0.108758208718572     
   7.02237929900487       0.305320839087168      -0.105789332821434     
   7.02237929900487       0.610641678174337      -9.865680667608107E-002
   7.02237929900487       0.915962517261505      -9.915451238371456E-002
   7.02237929900487        1.22128335634867      -0.100607424794264     
   7.02237929900487        1.52660419543584      -0.101075062552093     
   7.02237929900487        1.83192503452301      -0.100630741648524     
   7.02237929900487        2.13724587361018      -9.952213453554219E-002
   7.02237929900487        2.44256671269735      -9.793703167354734E-002
   7.02237929900487        2.74788755178452      -9.581773019258101E-002
   7.02237929900487        3.05320839087168      -9.376235391090190E-002
   7.02237929900487        3.35852922995885      -9.282024105761787E-002
   7.02237929900487        3.66385006904602      -9.137097205835103E-002
   7.02237929900487        3.96917090813319      -8.775716355946049E-002
   7.02237929900487        4.27449174722036      -8.404035826420404E-002
   7.02237929900487        4.57981258630753      -7.987576084410164E-002
   7.02237929900487        4.88513342539469      -7.593633344574567E-002
   7.02237929900487        5.19045426448186      -7.259292450370558E-002
   7.02237929900487        5.49577510356903      -6.977770565876651E-002
   7.02237929900487        5.80109594265620      -6.795211563178920E-002
   7.02237929900487        6.10641678174337      -6.704675009793173E-002
   7.02237929900487        6.41173762083054      -6.661270220339570E-002
   7.02237929900487        6.71705845991770      -6.570743638275986E-002
   7.02237929900487        7.02237929900487      -6.391584148525255E-002
   7.02237929900487        7.32770013809204      -6.259563742002025E-002
   7.32770013809204       0.000000000000000E+000 -0.101350119852181     
   7.32770013809204       0.305320839087168      -9.324924169133675E-002
   7.32770013809204       0.610641678174337      -8.747021019215274E-002
   7.32770013809204       0.915962517261505      -9.058375182901780E-002
   7.32770013809204        1.22128335634867      -9.326270133786378E-002
   7.32770013809204        1.52660419543584      -9.428185622120040E-002
   7.32770013809204        1.83192503452301      -9.408813408766488E-002
   7.32770013809204        2.13724587361018      -9.307512035605531E-002
   7.32770013809204        2.44256671269735      -9.143319100152816E-002
   7.32770013809204        2.74788755178452      -8.918541798832527E-002
   7.32770013809204        3.05320839087168      -8.725098644100905E-002
   7.32770013809204        3.35852922995885      -8.736215465869854E-002
   7.32770013809204        3.66385006904602      -8.774852659971435E-002
   7.32770013809204        3.96917090813319      -8.537688188527970E-002
   7.32770013809204        4.27449174722036      -8.216771468487830E-002
   7.32770013809204        4.57981258630753      -7.755985339596000E-002
   7.32770013809204        4.88513342539469      -7.319009241701699E-002
   7.32770013809204        5.19045426448186      -6.968552456871251E-002
   7.32770013809204        5.49577510356903      -6.688737077458330E-002
   7.32770013809204        5.80109594265620      -6.520991879978280E-002
   7.32770013809204        6.10641678174337      -6.463357286747705E-002
   7.32770013809204        6.41173762083054      -6.486422074945758E-002
   7.32770013809204        6.71705845991770      -6.514763914110865E-002
   7.32770013809204        7.02237929900487      -6.391152439342218E-002
   7.32770013809204        7.32770013809204      -6.106923878616983E-002
