  0.000000000000000E+000  0.000000000000000E+000 -0.169166299801762     
  0.000000000000000E+000  0.305320839087168      -0.170732302166378     
  0.000000000000000E+000  0.610641678174337      -0.170558720552619     
  0.000000000000000E+000  0.915962517261505      -0.172184312463196     
  0.000000000000000E+000   1.22128335634867      -0.173511433441147     
  0.000000000000000E+000   1.52660419543584      -0.174281287465253     
  0.000000000000000E+000   1.83192503452301      -0.174552617472727     
  0.000000000000000E+000   2.13724587361018      -0.174339268399582     
  0.000000000000000E+000   2.44256671269735      -0.173548501267440     
  0.000000000000000E+000   2.74788755178452      -0.172092029304868     
  0.000000000000000E+000   3.05320839087168      -0.170079945873854     
  0.000000000000000E+000   3.35852922995885      -0.167722439245588     
  0.000000000000000E+000   3.66385006904602      -0.163803890609576     
  0.000000000000000E+000   3.96917090813319      -0.159244027483215     
  0.000000000000000E+000   4.27449174722036      -0.152623154470362     
  0.000000000000000E+000   4.57981258630753      -0.142595371615256     
  0.000000000000000E+000   4.88513342539469      -0.132559617675347     
  0.000000000000000E+000   5.19045426448186      -0.124088337521662     
  0.000000000000000E+000   5.49577510356903      -0.117180351083765     
  0.000000000000000E+000   5.80109594265620      -0.112094156258365     
  0.000000000000000E+000   6.10641678174337      -0.108738188081617     
  0.000000000000000E+000   6.41173762083054      -0.106781967758970     
  0.000000000000000E+000   6.71705845991770      -0.105368329248234     
  0.000000000000000E+000   7.02237929900487      -0.102480018818272     
  0.000000000000000E+000   7.32770013809204      -9.774464970409752E-002
  0.305320839087168       0.000000000000000E+000 -0.180502143619906     
  0.305320839087168       0.305320839087168      -0.181146185222740     
  0.305320839087168       0.610641678174337      -0.182827397553928     
  0.305320839087168       0.915962517261505      -0.187327153985707     
  0.305320839087168        1.22128335634867      -0.190097823395749     
  0.305320839087168        1.52660419543584      -0.191411799489077     
  0.305320839087168        1.83192503452301      -0.191788471168260     
  0.305320839087168        2.13724587361018      -0.191367043767774     
  0.305320839087168        2.44256671269735      -0.190021457454675     
  0.305320839087168        2.74788755178452      -0.187244653797926     
  0.305320839087168        3.05320839087168      -0.182659480766577     
  0.305320839087168        3.35852922995885      -0.176735532314742     
  0.305320839087168        3.66385006904602      -0.170758797555045     
  0.305320839087168        3.96917090813319      -0.165501844092394     
  0.305320839087168        4.27449174722036      -0.158800470216045     
  0.305320839087168        4.57981258630753      -0.149529289539151     
  0.305320839087168        4.88513342539469      -0.139871180828502     
  0.305320839087168        5.19045426448186      -0.131266362323123     
  0.305320839087168        5.49577510356903      -0.123873339057640     
  0.305320839087168        5.80109594265620      -0.118090694390934     
  0.305320839087168        6.10641678174337      -0.113817948197052     
  0.305320839087168        6.41173762083054      -0.110577230690248     
  0.305320839087168        6.71705845991770      -0.107301927298276     
  0.305320839087168        7.02237929900487      -0.103523102224351     
  0.305320839087168        7.32770013809204      -0.100356760580874     
  0.610641678174337       0.000000000000000E+000 -0.190234266369165     
  0.610641678174337       0.305320839087168      -0.196073458454204     
  0.610641678174337       0.610641678174337      -0.200382642198828     
  0.610641678174337       0.915962517261505      -0.205051960793006     
  0.610641678174337        1.22128335634867      -0.208381909226772     
  0.610641678174337        1.52660419543584      -0.210234089107743     
  0.610641678174337        1.83192503452301      -0.210820429252913     
  0.610641678174337        2.13724587361018      -0.210289618809016     
  0.610641678174337        2.44256671269735      -0.208390759051769     
  0.610641678174337        2.74788755178452      -0.204573882279576     
  0.610641678174337        3.05320839087168      -0.198107678138725     
  0.610641678174337        3.35852922995885      -0.189460583952476     
  0.610641678174337        3.66385006904602      -0.180681193316897     
  0.610641678174337        3.96917090813319      -0.173245069889041     
  0.610641678174337        4.27449174722036      -0.165547757950810     
  0.610641678174337        4.57981258630753      -0.156542180143735     
  0.610641678174337        4.88513342539469      -0.147244141946610     
  0.610641678174337        5.19045426448186      -0.138522526580411     
  0.610641678174337        5.49577510356903      -0.130702798193696     
  0.610641678174337        5.80109594265620      -0.124152287118669     
  0.610641678174337        6.10641678174337      -0.118830059346249     
  0.610641678174337        6.41173762083054      -0.114298088589360     
  0.610641678174337        6.71705845991770      -0.109882224967716     
  0.610641678174337        7.02237929900487      -0.105472792638679     
  0.610641678174337        7.32770013809204      -0.101104867371304     
  0.915962517261505       0.000000000000000E+000 -0.197776630589735     
  0.915962517261505       0.305320839087168      -0.208267793140279     
  0.915962517261505       0.610641678174337      -0.216509052477964     
  0.915962517261505       0.915962517261505      -0.223015620923835     
  0.915962517261505        1.22128335634867      -0.227709545089381     
  0.915962517261505        1.52660419543584      -0.230541568699047     
  0.915962517261505        1.83192503452301      -0.231596644913986     
  0.915962517261505        2.13724587361018      -0.231165468761311     
  0.915962517261505        2.44256671269735      -0.228784583576214     
  0.915962517261505        2.74788755178452      -0.224060673504688     
  0.915962517261505        3.05320839087168      -0.216679709685449     
  0.915962517261505        3.35852922995885      -0.206897229129637     
  0.915962517261505        3.66385006904602      -0.196143880129261     
  0.915962517261505        3.96917090813319      -0.185675083854070     
  0.915962517261505        4.27449174722036      -0.175454279034460     
  0.915962517261505        4.57981258630753      -0.165239652030856     
  0.915962517261505        4.88513342539469      -0.155339665159205     
  0.915962517261505        5.19045426448186      -0.146059517434739     
  0.915962517261505        5.49577510356903      -0.137601411920066     
  0.915962517261505        5.80109594265620      -0.130169408078138     
  0.915962517261505        6.10641678174337      -0.123727696120222     
  0.915962517261505        6.41173762083054      -0.117990233030015     
  0.915962517261505        6.71705845991770      -0.112588813306117     
  0.915962517261505        7.02237929900487      -0.107244706411760     
  0.915962517261505        7.32770013809204      -0.101700396435779     
   1.22128335634867       0.000000000000000E+000 -0.207574265736307     
   1.22128335634867       0.305320839087168      -0.220783108580651     
   1.22128335634867       0.610641678174337      -0.232329433867000     
   1.22128335634867       0.915962517261505      -0.241710072998350     
   1.22128335634867        1.22128335634867      -0.248607494295748     
   1.22128335634867        1.52660419543584      -0.252850015379137     
   1.22128335634867        1.83192503452301      -0.254642547012038     
   1.22128335634867        2.13724587361018      -0.254179621047796     
   1.22128335634867        2.44256671269735      -0.251058562446342     
   1.22128335634867        2.74788755178452      -0.245146814465173     
   1.22128335634867        3.05320839087168      -0.236537025286085     
   1.22128335634867        3.35852922995885      -0.225598432717598     
   1.22128335634867        3.66385006904602      -0.213102367468349     
   1.22128335634867        3.96917090813319      -0.200083349895462     
   1.22128335634867        4.27449174722036      -0.187317777738388     
   1.22128335634867        4.57981258630753      -0.175263111841660     
   1.22128335634867        4.88513342539469      -0.164113365527841     
   1.22128335634867        5.19045426448186      -0.153879133733240     
   1.22128335634867        5.49577510356903      -0.144512002702742     
   1.22128335634867        5.80109594265620      -0.136044167040924     
   1.22128335634867        6.10641678174337      -0.128424950896978     
   1.22128335634867        6.41173762083054      -0.121462624981029     
   1.22128335634867        6.71705845991770      -0.114951398669178     
   1.22128335634867        7.02237929900487      -0.108665487401405     
   1.22128335634867        7.32770013809204      -0.102428157979412     
   1.52660419543584       0.000000000000000E+000 -0.221826880036548     
   1.52660419543584       0.305320839087168      -0.237238675925926     
   1.52660419543584       0.610641678174337      -0.251452836271777     
   1.52660419543584       0.915962517261505      -0.263611099865411     
   1.52660419543584        1.22128335634867      -0.272842099522704     
   1.52660419543584        1.52660419543584      -0.278608289245074     
   1.52660419543584        1.83192503452301      -0.280942255772105     
   1.52660419543584        2.13724587361018      -0.279703834514166     
   1.52660419543584        2.44256671269735      -0.275052389234545     
   1.52660419543584        2.74788755178452      -0.267334225609556     
   1.52660419543584        3.05320839087168      -0.256910144485213     
   1.52660419543584        3.35852922995885      -0.244187655344482     
   1.52660419543584        3.66385006904602      -0.229798638253088     
   1.52660419543584        3.96917090813319      -0.214653401728832     
   1.52660419543584        4.27449174722036      -0.199737453379159     
   1.52660419543584        4.57981258630753      -0.185803814541203     
   1.52660419543584        4.88513342539469      -0.173176771589715     
   1.52660419543584        5.19045426448186      -0.161779407839112     
   1.52660419543584        5.49577510356903      -0.151363663235164     
   1.52660419543584        5.80109594265620      -0.141762631665494     
   1.52660419543584        6.10641678174337      -0.132948348258341     
   1.52660419543584        6.41173762083054      -0.124824993449307     
   1.52660419543584        6.71705845991770      -0.117297183510663     
   1.52660419543584        7.02237929900487      -0.110242030784103     
   1.52660419543584        7.32770013809204      -0.103530339961740     
   1.83192503452301       0.000000000000000E+000 -0.241774370750759     
   1.83192503452301       0.305320839087168      -0.259628436120004     
   1.83192503452301       0.610641678174337      -0.276331467261776     
   1.83192503452301       0.915962517261505      -0.291004387113216     
   1.83192503452301        1.22128335634867      -0.302390488648371     
   1.83192503452301        1.52660419543584      -0.309387716503231     
   1.83192503452301        1.83192503452301      -0.311274748263850     
   1.83192503452301        2.13724587361018      -0.308111283124631     
   1.83192503452301        2.44256671269735      -0.300707768549524     
   1.83192503452301        2.74788755178452      -0.290120760999043     
   1.83192503452301        3.05320839087168      -0.277149867329703     
   1.83192503452301        3.35852922995885      -0.262257354534035     
   1.83192503452301        3.66385006904602      -0.245886080756887     
   1.83192503452301        3.96917090813319      -0.228768169848372     
   1.83192503452301        4.27449174722036      -0.211892111081755     
   1.83192503452301        4.57981258630753      -0.196163806114043     
   1.83192503452301        4.88513342539469      -0.182042735431271     
   1.83192503452301        5.19045426448186      -0.169443839395622     
   1.83192503452301        5.49577510356903      -0.157978356180812     
   1.83192503452301        5.80109594265620      -0.147316353778702     
   1.83192503452301        6.10641678174337      -0.137372460229776     
   1.83192503452301        6.41173762083054      -0.128209612994290     
   1.83192503452301        6.71705845991770      -0.119840131855518     
   1.83192503452301        7.02237929900487      -0.112184864910801     
   1.83192503452301        7.32770013809204      -0.105094777089217     
   2.13724587361018       0.000000000000000E+000 -0.268544603603423     
   2.13724587361018       0.305320839087168      -0.289325399579618     
   2.13724587361018       0.610641678174337      -0.308293043716879     
   2.13724587361018       0.915962517261505      -0.324968425715028     
   2.13724587361018        1.22128335634867      -0.337909655835420     
   2.13724587361018        1.52660419543584      -0.345229794320326     
   2.13724587361018        1.83192503452301      -0.345647285976405     
   2.13724587361018        2.13724587361018      -0.339336431951058     
   2.13724587361018        2.44256671269735      -0.327839578459384     
   2.13724587361018        2.74788755178452      -0.313143804253394     
   2.13724587361018        3.05320839087168      -0.296703283117170     
   2.13724587361018        3.35852922995885      -0.279133715757560     
   2.13724587361018        3.66385006904602      -0.260657318440570     
   2.13724587361018        3.96917090813319      -0.241703209194957     
   2.13724587361018        4.27449174722036      -0.223094937471659     
   2.13724587361018        4.57981258630753      -0.205763939154171     
   2.13724587361018        4.88513342539469      -0.190269410570476     
   2.13724587361018        5.19045426448186      -0.176549010781257     
   2.13724587361018        5.49577510356903      -0.164119985159417     
   2.13724587361018        5.80109594265620      -0.152523648076869     
   2.13724587361018        6.10641678174337      -0.141627540324235     
   2.13724587361018        6.41173762083054      -0.131581389565450     
   2.13724587361018        6.71705845991770      -0.122543277801940     
   2.13724587361018        7.02237929900487      -0.114459032524077     
   2.13724587361018        7.32770013809204      -0.107071443588327     
   2.44256671269735       0.000000000000000E+000 -0.303415827484600     
   2.44256671269735       0.305320839087168      -0.327608292790715     
   2.44256671269735       0.610641678174337      -0.348157395255846     
   2.44256671269735       0.915962517261505      -0.365402817001523     
   2.44256671269735        1.22128335634867      -0.378361588789300     
   2.44256671269735        1.52660419543584      -0.384796019662521     
   2.44256671269735        1.83192503452301      -0.382758201184488     
   2.44256671269735        2.13724587361018      -0.372310387767467     
   2.44256671269735        2.44256671269735      -0.355657688188453     
   2.44256671269735        2.74788755178452      -0.335821557240084     
   2.44256671269735        3.05320839087168      -0.315087899531613     
   2.44256671269735        3.35852922995885      -0.294356230788636     
   2.44256671269735        3.66385006904602      -0.273641096376085     
   2.44256671269735        3.96917090813319      -0.252975212996835     
   2.44256671269735        4.27449174722036      -0.232879915371459     
   2.44256671269735        4.57981258630753      -0.214196385000424     
   2.44256671269735        4.88513342539469      -0.197525350552813     
   2.44256671269735        5.19045426448186      -0.182828555722068     
   2.44256671269735        5.49577510356903      -0.169563924423542     
   2.44256671269735        5.80109594265620      -0.157176150205532     
   2.44256671269735        6.10641678174337      -0.145493585706693     
   2.44256671269735        6.41173762083054      -0.134732558687456     
   2.44256671269735        6.71705845991770      -0.125170953419200     
   2.44256671269735        7.02237929900487      -0.116797851765605     
   2.44256671269735        7.32770013809204      -0.109226494268792     
   2.74788755178452       0.000000000000000E+000 -0.347188232588275     
   2.74788755178452       0.305320839087168      -0.375516112770795     
   2.74788755178452       0.610641678174337      -0.397767372578406     
   2.74788755178452       0.915962517261505      -0.412805322306500     
   2.74788755178452        1.22128335634867      -0.421717845501003     
   2.74788755178452        1.52660419543584      -0.425127183427855     
   2.74788755178452        1.83192503452301      -0.419657335730363     
   2.74788755178452        2.13724587361018      -0.404560215445932     
   2.74788755178452        2.44256671269735      -0.382343410388166     
   2.74788755178452        2.74788755178452      -0.356955438617070     
   2.74788755178452        3.05320839087168      -0.331569967655710     
   2.74788755178452        3.35852922995885      -0.307480441238651     
   2.74788755178452        3.66385006904602      -0.284529371340795     
   2.74788755178452        3.96917090813319      -0.262303196173792     
   2.74788755178452        4.27449174722036      -0.240959533198373     
   2.74788755178452        4.57981258630753      -0.221185496255929     
   2.74788755178452        4.88513342539469      -0.203564572049874     
   2.74788755178452        5.19045426448186      -0.188065354102051     
   2.74788755178452        5.49577510356903      -0.174110164706060     
   2.74788755178452        5.80109594265620      -0.161077183498243     
   2.74788755178452        6.10641678174337      -0.148766300339980     
   2.74788755178452        6.41173762083054      -0.137458438940614     
   2.74788755178452        6.71705845991770      -0.127516687275956     
   2.74788755178452        7.02237929900487      -0.119051896051177     
   2.74788755178452        7.32770013809204      -0.111574257393132     
   3.05320839087168       0.000000000000000E+000 -0.393957720115551     
   3.05320839087168       0.305320839087168      -0.426748713567079     
   3.05320839087168       0.610641678174337      -0.450240743803206     
   3.05320839087168       0.915962517261505      -0.463561824240394     
   3.05320839087168        1.22128335634867      -0.464294849324568     
   3.05320839087168        1.52660419543584      -0.461507655936811     
   3.05320839087168        1.83192503452301      -0.451863418306133     
   3.05320839087168        2.13724587361018      -0.432309868046736     
   3.05320839087168        2.44256671269735      -0.405036191373450     
   3.05320839087168        2.74788755178452      -0.374619774980956     
   3.05320839087168        3.05320839087168      -0.345014223822237     
   3.05320839087168        3.35852922995885      -0.317920146282036     
   3.05320839087168        3.66385006904602      -0.293025042765390     
   3.05320839087168        3.96917090813319      -0.269474395254082     
   3.05320839087168        4.27449174722036      -0.247112229437317     
   3.05320839087168        4.57981258630753      -0.226494726643532     
   3.05320839087168        4.88513342539469      -0.208155884415659     
   3.05320839087168        5.19045426448186      -0.192046629403894     
   3.05320839087168        5.49577510356903      -0.177563112401855     
   3.05320839087168        5.80109594265620      -0.164037513521854     
   3.05320839087168        6.10641678174337      -0.151241761701619     
   3.05320839087168        6.41173762083054      -0.139437755224144     
   3.05320839087168        6.71705845991770      -0.129069071389467     
   3.05320839087168        7.02237929900487      -0.120709425051457     
   3.05320839087168        7.32770013809204      -0.113690247000069     
   3.35852922995885       0.000000000000000E+000 -0.427404215399609     
   3.35852922995885       0.305320839087168      -0.466272849497989     
   3.35852922995885       0.610641678174337      -0.492664491426164     
   3.35852922995885       0.915962517261505      -0.503706814312689     
   3.35852922995885        1.22128335634867      -0.498519463491557     
   3.35852922995885        1.52660419543584      -0.487676614986030     
   3.35852922995885        1.83192503452301      -0.474168045339803     
   3.35852922995885        2.13724587361018      -0.451282343676826     
   3.35852922995885        2.44256671269735      -0.420438975900145     
   3.35852922995885        2.74788755178452      -0.386511943420927     
   3.35852922995885        3.05320839087168      -0.353984520273064     
   3.35852922995885        3.35852922995885      -0.324855273180178     
   3.35852922995885        3.66385006904602      -0.298655828366074     
   3.35852922995885        3.96917090813319      -0.274158804488276     
   3.35852922995885        4.27449174722036      -0.251053416120522     
   3.35852922995885        4.57981258630753      -0.229856241294219     
   3.35852922995885        4.88513342539469      -0.211050496609154     
   3.35852922995885        5.19045426448186      -0.194552665739621     
   3.35852922995885        5.49577510356903      -0.179732612617319     
   3.35852922995885        5.80109594265620      -0.165888291200344     
   3.35852922995885        6.10641678174337      -0.152747456836235     
   3.35852922995885        6.41173762083054      -0.140452931682211     
   3.35852922995885        6.71705845991770      -0.129567767197288     
   3.35852922995885        7.02237929900487      -0.121266101822088     
   3.35852922995885        7.32770013809204      -0.114704240574664     
   3.66385006904602       0.000000000000000E+000 -0.434143453498153     
   3.66385006904602       0.305320839087168      -0.479113190614850     
   3.66385006904602       0.610641678174337      -0.509022148606479     
   3.66385006904602       0.915962517261505      -0.519218242651356     
   3.66385006904602        1.22128335634867      -0.511855694748862     
   3.66385006904602        1.52660419543584      -0.497352758823832     
   3.66385006904602        1.83192503452301      -0.482189962960663     
   3.66385006904602        2.13724587361018      -0.458047543020175     
   3.66385006904602        2.44256671269735      -0.425909247065444     
   3.66385006904602        2.74788755178452      -0.390723336872170     
   3.66385006904602        3.05320839087168      -0.357161222242284     
   3.66385006904602        3.35852922995885      -0.327331890486570     
   3.66385006904602        3.66385006904602      -0.300686897024105     
   3.66385006904602        3.96917090813319      -0.275828915510700     
   3.66385006904602        4.27449174722036      -0.252429197053907     
   3.66385006904602        4.57981258630753      -0.231014376548886     
   3.66385006904602        4.88513342539469      -0.212042684796348     
   3.66385006904602        5.19045426448186      -0.195410833564027     
   3.66385006904602        5.49577510356903      -0.180475062443364     
   3.66385006904602        5.80109594265620      -0.166518896879882     
   3.66385006904602        6.10641678174337      -0.153242499659924     
   3.66385006904602        6.41173762083054      -0.140725565357032     
   3.66385006904602        6.71705845991770      -0.129546646757440     
   3.66385006904602        7.02237929900487      -0.121273015269135     
   3.66385006904602        7.32770013809204      -0.115076112654018     
   3.96917090813319       0.000000000000000E+000 -0.427403506752063     
   3.96917090813319       0.305320839087168      -0.466373391380846     
   3.96917090813319       0.610641678174337      -0.492762123079086     
   3.96917090813319       0.915962517261505      -0.503772514283041     
   3.96917090813319        1.22128335634867      -0.498558247358861     
   3.96917090813319        1.52660419543584      -0.487699800519023     
   3.96917090813319        1.83192503452301      -0.474182991328476     
   3.96917090813319        2.13724587361018      -0.451291940325955     
   3.96917090813319        2.44256671269735      -0.420445103594238     
   3.96917090813319        2.74788755178452      -0.386516072920249     
   3.96917090813319        3.05320839087168      -0.353987754306430     
   3.96917090813319        3.35852922995885      -0.324858258244805     
   3.96917090813319        3.66385006904602      -0.298658816993038     
   3.96917090813319        3.96917090813319      -0.274161905517767     
   3.96917090813319        4.27449174722036      -0.251056656294585     
   3.96917090813319        4.57981258630753      -0.229859694408012     
   3.96917090813319        4.88513342539469      -0.211054257658961     
   3.96917090813319        5.19045426448186      -0.194556839031918     
   3.96917090813319        5.49577510356903      -0.179737284124521     
   3.96917090813319        5.80109594265620      -0.165893700658860     
   3.96917090813319        6.10641678174337      -0.152754503206084     
   3.96917090813319        6.41173762083054      -0.140463250509772     
   3.96917090813319        6.71705845991770      -0.129582178724476     
   3.96917090813319        7.02237929900487      -0.121280548114626     
   3.96917090813319        7.32770013809204      -0.114703818466106     
   4.27449174722036       0.000000000000000E+000 -0.393955290885674     
   4.27449174722036       0.305320839087168      -0.426844497151412     
   4.27449174722036       0.610641678174337      -0.450356051766710     
   4.27449174722036       0.915962517261505      -0.463651325880444     
   4.27449174722036        1.22128335634867      -0.464352819130618     
   4.27449174722036        1.52660419543584      -0.461546248433197     
   4.27449174722036        1.83192503452301      -0.451889605105659     
   4.27449174722036        2.13724587361018      -0.432327274559621     
   4.27449174722036        2.44256671269735      -0.405047726161619     
   4.27449174722036        2.74788755178452      -0.374627891141385     
   4.27449174722036        3.05320839087168      -0.345020785085855     
   4.27449174722036        3.35852922995885      -0.317926241436566     
   4.27449174722036        3.66385006904602      -0.293031162984429     
   4.27449174722036        3.96917090813319      -0.269480680865499     
   4.27449174722036        4.27449174722036      -0.247118723104093     
   4.27449174722036        4.57981258630753      -0.226501529607685     
   4.27449174722036        4.88513342539469      -0.208163143800316     
   4.27449174722036        5.19045426448186      -0.192054443561890     
   4.27449174722036        5.49577510356903      -0.177571585253836     
   4.27449174722036        5.80109594265620      -0.164046850567695     
   4.27449174722036        6.10641678174337      -0.151252770796988     
   4.27449174722036        6.41173762083054      -0.139452213071505     
   4.27449174722036        6.71705845991770      -0.129086390543073     
   4.27449174722036        7.02237929900487      -0.120723230454309     
   4.27449174722036        7.32770013809204      -0.113689375513756     
   4.57981258630753       0.000000000000000E+000 -0.347182406087308     
   4.57981258630753       0.305320839087168      -0.375577202139089     
   4.57981258630753       0.610641678174337      -0.397854372529466     
   4.57981258630753       0.915962517261505      -0.412882500298335     
   4.57981258630753        1.22128335634867      -0.421777044054676     
   4.57981258630753        1.52660419543584      -0.425171582107121     
   4.57981258630753        1.83192503452301      -0.419689598578543     
   4.57981258630753        2.13724587361018      -0.404582925616266     
   4.57981258630753        2.44256671269735      -0.382359407062610     
   4.57981258630753        2.74788755178452      -0.356967477831558     
   4.57981258630753        3.05320839087168      -0.331580154425593     
   4.57981258630753        3.35852922995885      -0.307490034888223     
   4.57981258630753        3.66385006904602      -0.284538903008317     
   4.57981258630753        3.96917090813319      -0.262312823796117     
   4.57981258630753        4.27449174722036      -0.240969272026197     
   4.57981258630753        4.57981258630753      -0.221195429636914     
   4.57981258630753        4.88513342539469      -0.203574798142864     
   4.57981258630753        5.19045426448186      -0.188075919143127     
   4.57981258630753        5.49577510356903      -0.174121065898869     
   4.57981258630753        5.80109594265620      -0.161088400423070     
   4.57981258630753        6.10641678174337      -0.148778055378736     
   4.57981258630753        6.41173762083054      -0.137471364952740     
   4.57981258630753        6.71705845991770      -0.127530071222666     
   4.57981258630753        7.02237929900487      -0.119061022388457     
   4.57981258630753        7.32770013809204      -0.111573636992588     
   4.88513342539469       0.000000000000000E+000 -0.303408486316904     
   4.88513342539469       0.305320839087168      -0.327640752738143     
   4.88513342539469       0.610641678174337      -0.348211245636015     
   4.88513342539469       0.915962517261505      -0.365460337102170     
   4.88513342539469        1.22128335634867      -0.378413806261731     
   4.88513342539469        1.52660419543584      -0.384839495555665     
   4.88513342539469        1.83192503452301      -0.382792358596284     
   4.88513342539469        2.13724587361018      -0.372336354621504     
   4.88513342539469        2.44256671269735      -0.355677630797828     
   4.88513342539469        2.74788755178452      -0.335837789482068     
   4.88513342539469        3.05320839087168      -0.315102258700798     
   4.88513342539469        3.35852922995885      -0.294369827853586     
   4.88513342539469        3.66385006904602      -0.273654375281792     
   4.88513342539469        3.96917090813319      -0.252988296337037     
   4.88513342539469        4.27449174722036      -0.232892820189869     
   4.88513342539469        4.57981258630753      -0.214209092529857     
   4.88513342539469        4.88513342539469      -0.197537899887336     
   4.88513342539469        5.19045426448186      -0.182840859220885     
   4.88513342539469        5.49577510356903      -0.169575813272077     
   4.88513342539469        5.80109594265620      -0.157187413524264     
   4.88513342539469        6.10641678174337      -0.145504030329851     
   4.88513342539469        6.41173762083054      -0.134742045615616     
   4.88513342539469        6.71705845991770      -0.125178938594354     
   4.88513342539469        7.02237929900487      -0.116802698556063     
   4.88513342539469        7.32770013809204      -0.109226275175354     
   5.19045426448186       0.000000000000000E+000 -0.268537513975731     
   5.19045426448186       0.305320839087168      -0.289342119817416     
   5.19045426448186       0.610641678174337      -0.308327408933904     
   5.19045426448186       0.915962517261505      -0.325011214279098     
   5.19045426448186        1.22128335634867      -0.337953210950513     
   5.19045426448186        1.52660419543584      -0.345269474707749     
   5.19045426448186        1.83192503452301      -0.345681203160151     
   5.19045426448186        2.13724587361018      -0.339364695976720     
   5.19045426448186        2.44256671269735      -0.327863423179909     
   5.19045426448186        2.74788755178452      -0.313164741584282     
   5.19045426448186        3.05320839087168      -0.296722538315671     
   5.19045426448186        3.35852922995885      -0.279151937774409     
   5.19045426448186        3.66385006904602      -0.260674743697823     
   5.19045426448186        3.96917090813319      -0.241719839108854     
   5.19045426448186        4.27449174722036      -0.223110751419658     
   5.19045426448186        4.57981258630753      -0.205778918382501     
   5.19045426448186        4.88513342539469      -0.190283497948956     
   5.19045426448186        5.19045426448186      -0.176562021625734     
   5.19045426448186        5.49577510356903      -0.164131647862825     
   5.19045426448186        5.80109594265620      -0.152533599932248     
   5.19045426448186        6.10641678174337      -0.141635474484985     
   5.19045426448186        6.41173762083054      -0.131587091499560     
   5.19045426448186        6.71705845991770      -0.122546720010248     
   5.19045426448186        7.02237929900487      -0.114460387512297     
   5.19045426448186        7.32770013809204      -0.107071215171481     
   5.49577510356903       0.000000000000000E+000 -0.241767465057283     
   5.49577510356903       0.305320839087168      -0.259637734206679     
   5.49577510356903       0.610641678174337      -0.276355258510125     
   5.49577510356903       0.915962517261505      -0.291037539457617     
   5.49577510356903        1.22128335634867      -0.302427150865187     
   5.49577510356903        1.52660419543584      -0.309423719229349     
   5.49577510356903        1.83192503452301      -0.311308159460955     
   5.49577510356903        2.13724587361018      -0.308141743369149     
   5.49577510356903        2.44256671269735      -0.300735748657481     
   5.49577510356903        2.74788755178452      -0.290146896134979     
   5.49577510356903        3.05320839087168      -0.277174582075224     
   5.49577510356903        3.35852922995885      -0.262280712152940     
   5.49577510356903        3.66385006904602      -0.245907849413546     
   5.49577510356903        3.96917090813319      -0.228788246019142     
   5.49577510356903        4.27449174722036      -0.211910448088076     
   5.49577510356903        4.57981258630753      -0.196180416921871     
   5.49577510356903        4.88513342539469      -0.182057562793992     
   5.49577510356903        5.19045426448186      -0.169456667029566     
   5.49577510356903        5.49577510356903      -0.157988838670912     
   5.49577510356903        5.80109594265620      -0.147324076065063     
   5.49577510356903        6.10641678174337      -0.137377011957247     
   5.49577510356903        6.41173762083054      -0.128210787207976     
   5.49577510356903        6.71705845991770      -0.119838469964068     
   5.49577510356903        7.02237929900487      -0.112182262911371     
   5.49577510356903        7.32770013809204      -0.105093676339627     
   5.80109594265620       0.000000000000000E+000 -0.221821944132328     
   5.80109594265620       0.305320839087168      -0.237248214683514     
   5.80109594265620       0.610641678174337      -0.251475160268556     
   5.80109594265620       0.915962517261505      -0.263641409699042     
   5.80109594265620        1.22128335634867      -0.272875792556461     
   5.80109594265620        1.52660419543584      -0.278642418173976     
   5.80109594265620        1.83192503452301      -0.280975681443334     
   5.80109594265620        2.13724587361018      -0.279736419345719     
   5.80109594265620        2.44256671269735      -0.275084301521200     
   5.80109594265620        2.74788755178452      -0.267365559057553     
   5.80109594265620        3.05320839087168      -0.256940640116107     
   5.80109594265620        3.35852922995885      -0.244216559219312     
   5.80109594265620        3.66385006904602      -0.229825016959579     
   5.80109594265620        3.96917090813319      -0.214676695561577     
   5.80109594265620        4.27449174722036      -0.199757754217140     
   5.80109594265620        4.57981258630753      -0.185821370967365     
   5.80109594265620        4.88513342539469      -0.173191634121186     
   5.80109594265620        5.19045426448186      -0.161791368010562     
   5.80109594265620        5.49577510356903      -0.151372356074275     
   5.80109594265620        5.80109594265620      -0.141767516259284     
   5.80109594265620        6.10641678174337      -0.132948734150169     
   5.80109594265620        6.41173762083054      -0.124820555458012     
   5.80109594265620        6.71705845991770      -0.117289406151432     
   5.80109594265620        7.02237929900487      -0.110234799986593     
   5.80109594265620        7.32770013809204      -0.103528129090657     
   6.10641678174337       0.000000000000000E+000 -0.207573247630092     
   6.10641678174337       0.305320839087168      -0.220803342940719     
   6.10641678174337       0.610641678174337      -0.232362711251394     
   6.10641678174337       0.915962517261505      -0.241746928504369     
   6.10641678174337        1.22128335634867      -0.248643452562016     
   6.10641678174337        1.52660419543584      -0.252884345801941     
   6.10641678174337        1.83192503452301      -0.254676134336656     
   6.10641678174337        2.13724587361018      -0.254213544088401     
   6.10641678174337        2.44256671269735      -0.251093443646368     
   6.10641678174337        2.74788755178452      -0.245182836308081     
   6.10641678174337        3.05320839087168      -0.236573752739112     
   6.10641678174337        3.35852922995885      -0.225634041259268     
   6.10641678174337        3.66385006904602      -0.213133962831362     
   6.10641678174337        3.96917090813319      -0.200109566947625     
   6.10641678174337        4.27449174722036      -0.187339403020353     
   6.10641678174337        4.57981258630753      -0.175281100844872     
   6.10641678174337        4.88513342539469      -0.164127892755493     
   6.10641678174337        5.19045426448186      -0.153889977279866     
   6.10641678174337        5.49577510356903      -0.144518675488374     
   6.10641678174337        5.80109594265620      -0.136045893929553     
   6.10641678174337        6.10641678174337      -0.128420684161124     
   6.10641678174337        6.41173762083054      -0.121452045187970     
   6.10641678174337        6.71705845991770      -0.114936886244624     
   6.10641678174337        7.02237929900487      -0.108653298548145     
   6.10641678174337        7.32770013809204      -0.102425670323532     
   6.41173762083054       0.000000000000000E+000 -0.197781473629520     
   6.41173762083054       0.305320839087168      -0.208315510818756     
   6.41173762083054       0.610641678174337      -0.216568190254643     
   6.41173762083054       0.915962517261505      -0.223066323542470     
   6.41173762083054        1.22128335634867      -0.227750256372976     
   6.41173762083054        1.52660419543584      -0.230576247475325     
   6.41173762083054        1.83192503452301      -0.231629209097521     
   6.41173762083054        2.13724587361018      -0.231198850884221     
   6.41173762083054        2.44256671269735      -0.228820497193813     
   6.41173762083054        2.74788755178452      -0.224100562085703     
   6.41173762083054        3.05320839087168      -0.216723590107901     
   6.41173762083054        3.35852922995885      -0.206940554658572     
   6.41173762083054        3.66385006904602      -0.196180498272495     
   6.41173762083054        3.96917090813319      -0.185703282771581     
   6.41173762083054        4.27449174722036      -0.175476516656834     
   6.41173762083054        4.57981258630753      -0.165257996720213     
   6.41173762083054        4.88513342539469      -0.155354217540297     
   6.41173762083054        5.19045426448186      -0.146069648049867     
   6.41173762083054        5.49577510356903      -0.137606399722898     
   6.41173762083054        5.80109594265620      -0.130168273901829     
   6.41173762083054        6.10641678174337      -0.123719352576324     
   6.41173762083054        6.41173762083054      -0.117974237902377     
   6.41173762083054        6.71705845991770      -0.112568132460579     
   6.41173762083054        7.02237929900487      -0.107228745998805     
   6.41173762083054        7.32770013809204      -0.101700550871089     
   6.71705845991770       0.000000000000000E+000 -0.190245656061217     
   6.71705845991770       0.305320839087168      -0.196168085062734     
   6.71705845991770       0.610641678174337      -0.200472228131470     
   6.71705845991770       0.915962517261505      -0.205111908983094     
   6.71705845991770        1.22128335634867      -0.208422203672172     
   6.71705845991770        1.52660419543584      -0.210265329601854     
   6.71705845991770        1.83192503452301      -0.210849012127580     
   6.71705845991770        2.13724587361018      -0.210319515556682     
   6.71705845991770        2.44256671269735      -0.208424745355314     
   6.71705845991770        2.74788755178452      -0.204615040128470     
   6.71705845991770        3.05320839087168      -0.198156034639368     
   6.71705845991770        3.35852922995885      -0.189509615382513     
   6.71705845991770        3.66385006904602      -0.180719838066663     
   6.71705845991770        3.96917090813319      -0.173273130440917     
   6.71705845991770        4.27449174722036      -0.165571244568675     
   6.71705845991770        4.57981258630753      -0.156562360162723     
   6.71705845991770        4.88513342539469      -0.147260023586290     
   6.71705845991770        5.19045426448186      -0.138533106965719     
   6.71705845991770        5.49577510356903      -0.130707206265595     
   6.71705845991770        5.80109594265620      -0.124150010000417     
   6.71705845991770        6.10641678174337      -0.118820407411124     
   6.71705845991770        6.41173762083054      -0.114280513010744     
   6.71705845991770        6.71705845991770      -0.109859376353125     
   6.71705845991770        7.02237929900487      -0.105455999436990     
   6.71705845991770        7.32770013809204      -0.101111823554021     
   7.02237929900487       0.000000000000000E+000 -0.180512810289216     
   7.02237929900487       0.305320839087168      -0.181255687557171     
   7.02237929900487       0.610641678174337      -0.182900933109289     
   7.02237929900487       0.915962517261505      -0.187366857360806     
   7.02237929900487        1.22128335634867      -0.190123472221490     
   7.02237929900487        1.52660419543584      -0.191432779912211     
   7.02237929900487        1.83192503452301      -0.191809175667731     
   7.02237929900487        2.13724587361018      -0.191390184150400     
   7.02237929900487        2.44256671269735      -0.190049392500279     
   7.02237929900487        2.74788755178452      -0.187279924158015     
   7.02237929900487        3.05320839087168      -0.182703006993717     
   7.02237929900487        3.35852922995885      -0.176781514809704     
   7.02237929900487        3.66385006904602      -0.170791255911301     
   7.02237929900487        3.96917090813319      -0.165528590402719     
   7.02237929900487        4.27449174722036      -0.158828510226487     
   7.02237929900487        4.57981258630753      -0.149554509293719     
   7.02237929900487        4.88513342539469      -0.139890491547002     
   7.02237929900487        5.19045426448186      -0.131278965680077     
   7.02237929900487        5.49577510356903      -0.123879153828492     
   7.02237929900487        5.80109594265620      -0.118090414531661     
   7.02237929900487        6.10641678174337      -0.113812367904948     
   7.02237929900487        6.41173762083054      -0.110567313671040     
   7.02237929900487        6.71705845991770      -0.107288494687136     
   7.02237929900487        7.02237929900487      -0.103508865942304     
   7.02237929900487        7.32770013809204      -0.100365176638501     
   7.32770013809204       0.000000000000000E+000 -0.169174858435335     
   7.32770013809204       0.305320839087168      -0.170716095948904     
   7.32770013809204       0.610641678174337      -0.170533163768772     
   7.32770013809204       0.915962517261505      -0.172171937339794     
   7.32770013809204        1.22128335634867      -0.173510269272893     
   7.32770013809204        1.52660419543584      -0.174286995615771     
   7.32770013809204        1.83192503452301      -0.174562934079783     
   7.32770013809204        2.13724587361018      -0.174353407890597     
   7.32770013809204        2.44256671269735      -0.173566179688298     
   7.32770013809204        2.74788755178452      -0.172112683600196     
   7.32770013809204        3.05320839087168      -0.170102805054885     
   7.32770013809204        3.35852922995885      -0.167746305246735     
   7.32770013809204        3.66385006904602      -0.163823879749849     
   7.32770013809204        3.96917090813319      -0.159275954829744     
   7.32770013809204        4.27449174722036      -0.152659188931630     
   7.32770013809204        4.57981258630753      -0.142626871749934     
   7.32770013809204        4.88513342539469      -0.132583171480709     
   7.32770013809204        5.19045426448186      -0.124103915681040     
   7.32770013809204        5.49577510356903      -0.117189294606632     
   7.32770013809204        5.80109594265620      -0.112098629525076     
   7.32770013809204        6.10641678174337      -0.108741853747484     
   7.32770013809204        6.41173762083054      -0.106790876727468     
   7.32770013809204        6.71705845991770      -0.105388419700345     
   7.32770013809204        7.02237929900487      -0.102500161814600     
   7.32770013809204        7.32770013809204      -9.774536656563211E-002
