  0.000000000000000E+000  0.000000000000000E+000 -0.193936119769094     
  0.000000000000000E+000  0.305320839087168      -0.186279608058382     
  0.000000000000000E+000  0.610641678174337      -0.176806453550563     
  0.000000000000000E+000  0.915962517261505      -0.174172491743389     
  0.000000000000000E+000   1.22128335634867      -0.170950655584327     
  0.000000000000000E+000   1.52660419543584      -0.166270973808653     
  0.000000000000000E+000   1.83192503452301      -0.160560374544887     
  0.000000000000000E+000   2.13724587361018      -0.154160842593348     
  0.000000000000000E+000   2.44256671269735      -0.147222042559274     
  0.000000000000000E+000   2.74788755178452      -0.139913183201728     
  0.000000000000000E+000   3.05320839087168      -0.133400549024038     
  0.000000000000000E+000   3.35852922995885      -0.129801761660455     
  0.000000000000000E+000   3.66385006904602      -0.126947170685615     
  0.000000000000000E+000   3.96917090813319      -0.121211357341882     
  0.000000000000000E+000   4.27449174722036      -0.114776059213411     
  0.000000000000000E+000   4.57981258630753      -0.106645705053974     
  0.000000000000000E+000   4.88513342539469      -9.898631965990105E-002
  0.000000000000000E+000   5.19045426448186      -9.272134684456033E-002
  0.000000000000000E+000   5.49577510356903      -8.775478592856391E-002
  0.000000000000000E+000   5.80109594265620      -8.443497893715385E-002
  0.000000000000000E+000   6.10641678174337      -8.271969855318105E-002
  0.000000000000000E+000   6.41173762083054      -8.230704594789601E-002
  0.000000000000000E+000   6.71705845991770      -8.232869006216631E-002
  0.000000000000000E+000   7.02237929900487      -8.056369511333021E-002
  0.000000000000000E+000   7.32770013809204      -7.679879081180099E-002
  0.305320839087168       0.000000000000000E+000 -0.216047445665684     
  0.305320839087168       0.305320839087168      -0.210438796045200     
  0.305320839087168       0.610641678174337      -0.198915927817257     
  0.305320839087168       0.915962517261505      -0.193456440709383     
  0.305320839087168        1.22128335634867      -0.188280607054215     
  0.305320839087168        1.52660419543584      -0.182137644706474     
  0.305320839087168        1.83192503452301      -0.175160667636478     
  0.305320839087168        2.13724587361018      -0.167493237468008     
  0.305320839087168        2.44256671269735      -0.159397210620276     
  0.305320839087168        2.74788755178452      -0.151024391315237     
  0.305320839087168        3.05320839087168      -0.143226924873349     
  0.305320839087168        3.35852922995885      -0.137345035685551     
  0.305320839087168        3.66385006904602      -0.131711846483297     
  0.305320839087168        3.96917090813319      -0.124337239885711     
  0.305320839087168        4.27449174722036      -0.117126824513870     
  0.305320839087168        4.57981258630753      -0.109430745485786     
  0.305320839087168        4.88513342539469      -0.102170183135630     
  0.305320839087168        5.19045426448186      -9.595463136527980E-002
  0.305320839087168        5.49577510356903      -9.081280324992183E-002
  0.305320839087168        5.80109594265620      -8.716262921871450E-002
  0.305320839087168        6.10641678174337      -8.490533928544165E-002
  0.305320839087168        6.41173762083054      -8.355304495884043E-002
  0.305320839087168        6.71705845991770      -8.205275256100308E-002
  0.305320839087168        7.02237929900487      -7.993433745538332E-002
  0.305320839087168        7.32770013809204      -7.824457037964434E-002
  0.610641678174337       0.000000000000000E+000 -0.237532266094343     
  0.610641678174337       0.305320839087168      -0.233912011173773     
  0.610641678174337       0.610641678174337      -0.224960202484952     
  0.610641678174337       0.915962517261505      -0.215988797771609     
  0.610641678174337        1.22128335634867      -0.207679544516956     
  0.610641678174337        1.52660419543584      -0.199444435866536     
  0.610641678174337        1.83192503452301      -0.190882609699119     
  0.610641678174337        2.13724587361018      -0.181841837996083     
  0.610641678174337        2.44256671269735      -0.172528927113688     
  0.610641678174337        2.74788755178452      -0.163081921814144     
  0.610641678174337        3.05320839087168      -0.153878114601787     
  0.610641678174337        3.35852922995885      -0.145345371016530     
  0.610641678174337        3.66385006904602      -0.137041093130741     
  0.610641678174337        3.96917090813319      -0.128611637752672     
  0.610641678174337        4.27449174722036      -0.120493076881623     
  0.610641678174337        4.57981258630753      -0.112734080192162     
  0.610641678174337        4.88513342539469      -0.105672797433359     
  0.610641678174337        5.19045426448186      -9.937205710768685E-002
  0.610641678174337        5.49577510356903      -9.404717114236349E-002
  0.610641678174337        5.80109594265620      -8.995598007473719E-002
  0.610641678174337        6.10641678174337      -8.701770710702526E-002
  0.610641678174337        6.41173762083054      -8.476089078831411E-002
  0.610641678174337        6.71705845991770      -8.257463444784002E-002
  0.610641678174337        7.02237929900487      -8.042375148543418E-002
  0.610641678174337        7.32770013809204      -7.790654174904196E-002
  0.915962517261505       0.000000000000000E+000 -0.257936667576447     
  0.915962517261505       0.305320839087168      -0.255520291899932     
  0.915962517261505       0.610641678174337      -0.248577360591750     
  0.915962517261505       0.915962517261505      -0.238958376678950     
  0.915962517261505        1.22128335634867      -0.228522051464982     
  0.915962517261505        1.52660419543584      -0.217991816160091     
  0.915962517261505        1.83192503452301      -0.207368639263016     
  0.915962517261505        2.13724587361018      -0.196660377390059     
  0.915962517261505        2.44256671269735      -0.185928272152485     
  0.915962517261505        2.74788755178452      -0.175165477943175     
  0.915962517261505        3.05320839087168      -0.164510658072277     
  0.915962517261505        3.35852922995885      -0.154083355965853     
  0.915962517261505        3.66385006904602      -0.143913716386459     
  0.915962517261505        3.96917090813319      -0.134161645122166     
  0.915962517261505        4.27449174722036      -0.125124473870889     
  0.915962517261505        4.57981258630753      -0.116973461713768     
  0.915962517261505        4.88513342539469      -0.109606751590854     
  0.915962517261505        5.19045426448186      -0.103016327739986     
  0.915962517261505        5.49577510356903      -9.739064375960531E-002
  0.915962517261505        5.80109594265620      -9.280161516805871E-002
  0.915962517261505        6.10641678174337      -8.915767323725028E-002
  0.915962517261505        6.41173762083054      -8.613153297948196E-002
  0.915962517261505        6.71705845991770      -8.336253180730502E-002
  0.915962517261505        7.02237929900487      -8.056789040930397E-002
  0.915962517261505        7.32770013809204      -7.730853200280199E-002
   1.22128335634867       0.000000000000000E+000 -0.290406989442307     
   1.22128335634867       0.305320839087168      -0.287618264203534     
   1.22128335634867       0.610641678174337      -0.279678992156967     
   1.22128335634867       0.915962517261505      -0.267770289750700     
   1.22128335634867        1.22128335634867      -0.253844306538947     
   1.22128335634867        1.52660419543584      -0.239454636814484     
   1.22128335634867        1.83192503452301      -0.225318006086602     
   1.22128335634867        2.13724587361018      -0.211877479652548     
   1.22128335634867        2.44256671269735      -0.199149220382879     
   1.22128335634867        2.74788755178452      -0.186773416669468     
   1.22128335634867        3.05320839087168      -0.174556997747290     
   1.22128335634867        3.35852922995885      -0.162574355768104     
   1.22128335634867        3.66385006904602      -0.150992308183673     
   1.22128335634867        3.96917090813319      -0.140124183208392     
   1.22128335634867        4.27449174722036      -0.130305731063667     
   1.22128335634867        4.57981258630753      -0.121573611604420     
   1.22128335634867        4.88513342539469      -0.113757257581361     
   1.22128335634867        5.19045426448186      -0.106796219344862     
   1.22128335634867        5.49577510356903      -0.100730314119786     
   1.22128335634867        5.80109594265620      -9.557165435046745E-002
   1.22128335634867        6.10641678174337      -9.119570564657369E-002
   1.22128335634867        6.41173762083054      -8.736650607264662E-002
   1.22128335634867        6.71705845991770      -8.382749360578451E-002
   1.22128335634867        7.02237929900487      -8.032869139331106E-002
   1.22128335634867        7.32770013809204      -7.667224665254614E-002
   1.52660419543584       0.000000000000000E+000 -0.345529337936067     
   1.52660419543584       0.305320839087168      -0.341067033231403     
   1.52660419543584       0.610641678174337      -0.328506970533987     
   1.52660419543584       0.915962517261505      -0.310117633180969     
   1.52660419543584        1.22128335634867      -0.288750027405288     
   1.52660419543584        1.52660419543584      -0.266840344944612     
   1.52660419543584        1.83192503452301      -0.246151453671890     
   1.52660419543584        2.13724587361018      -0.227990654828695     
   1.52660419543584        2.44256671269735      -0.212122639161083     
   1.52660419543584        2.74788755178452      -0.197666411812977     
   1.52660419543584        3.05320839087168      -0.183865390098418     
   1.52660419543584        3.35852922995885      -0.170462913019734     
   1.52660419543584        3.66385006904602      -0.157660834166861     
   1.52660419543584        3.96917090813319      -0.145855811001066     
   1.52660419543584        4.27449174722036      -0.135333312914810     
   1.52660419543584        4.57981258630753      -0.126082787846602     
   1.52660419543584        4.88513342539469      -0.117887498324929     
   1.52660419543584        5.19045426448186      -0.110543596238752     
   1.52660419543584        5.49577510356903      -0.103967856236726     
   1.52660419543584        5.80109594265620      -9.814625560932790E-002
   1.52660419543584        6.10641678174337      -9.301755766849495E-002
   1.52660419543584        6.41173762083054      -8.840141896687191E-002
   1.52660419543584        6.71705845991770      -8.412531914707373E-002
   1.52660419543584        7.02237929900487      -8.004956001593837E-002
   1.52660419543584        7.32770013809204      -7.611700620312334E-002
   1.83192503452301       0.000000000000000E+000 -0.432858047046232     
   1.83192503452301       0.305320839087168      -0.424957079371335     
   1.83192503452301       0.610641678174337      -0.403431409899077     
   1.83192503452301       0.915962517261505      -0.372608085039303     
   1.83192503452301        1.22128335634867      -0.337170300841500     
   1.83192503452301        1.52660419543584      -0.302186908070271     
   1.83192503452301        1.83192503452301      -0.271279120045454     
   1.83192503452301        2.13724587361018      -0.245767580918466     
   1.83192503452301        2.44256671269735      -0.225094679293987     
   1.83192503452301        2.74788755178452      -0.207740914626092     
   1.83192503452301        3.05320839087168      -0.192194592094449     
   1.83192503452301        3.35852922995885      -0.177590337933853     
   1.83192503452301        3.66385006904602      -0.163816981470254     
   1.83192503452301        3.96917090813319      -0.151196273904541     
   1.83192503452301        4.27449174722036      -0.140030430236043     
   1.83192503452301        4.57981258630753      -0.130317347789644     
   1.83192503452301        4.88513342539469      -0.121773214410509     
   1.83192503452301        5.19045426448186      -0.114056840812483     
   1.83192503452301        5.49577510356903      -0.106966829276499     
   1.83192503452301        5.80109594265620      -0.100466197888074     
   1.83192503452301        6.10641678174337      -9.456797078368984E-002
   1.83192503452301        6.41173762083054      -8.922160018956023E-002
   1.83192503452301        6.71705845991770      -8.431497598198197E-002
   1.83192503452301        7.02237929900487      -7.977844538760073E-002
   1.83192503452301        7.32770013809204      -7.561381926467449E-002
   2.13724587361018       0.000000000000000E+000 -0.563352753539248     
   2.13724587361018       0.305320839087168      -0.548758092103904     
   2.13724587361018       0.610641678174337      -0.509711234715444     
   2.13724587361018       0.915962517261505      -0.456444453779050     
   2.13724587361018        1.22128335634867      -0.399452132813935     
   2.13724587361018        1.52660419543584      -0.346357578906605     
   2.13724587361018        1.83192503452301      -0.301360974879082     
   2.13724587361018        2.13724587361018      -0.265692569702061     
   2.13724587361018        2.44256671269735      -0.238348465071937     
   2.13724587361018        2.74788755178452      -0.217061739006206     
   2.13724587361018        3.05320839087168      -0.199404642568270     
   2.13724587361018        3.35852922995885      -0.183664610401128     
   2.13724587361018        3.66385006904602      -0.169148936823456     
   2.13724587361018        3.96917090813319      -0.155913859565122     
   2.13724587361018        4.27449174722036      -0.144220107583833     
   2.13724587361018        4.57981258630753      -0.134092027230257     
   2.13724587361018        4.88513342539469      -0.125216588391211     
   2.13724587361018        5.19045426448186      -0.117147500409587     
   2.13724587361018        5.49577510356903      -0.109575837352261     
   2.13724587361018        5.80109594265620      -0.102435318428834     
   2.13724587361018        6.10641678174337      -9.580550674441092E-002
   2.13724587361018        6.41173762083054      -8.975500498644054E-002
   2.13724587361018        6.71705845991770      -8.427927820958449E-002
   2.13724587361018        7.02237929900487      -7.935503694354044E-002
   2.13724587361018        7.32770013809204      -7.499746382353978E-002
   2.44256671269735       0.000000000000000E+000 -0.751986890528585     
   2.44256671269735       0.305320839087168      -0.724377370675605     
   2.44256671269735       0.610641678174337      -0.652969583798057     
   2.44256671269735       0.915962517261505      -0.563554112214000     
   2.44256671269735        1.22128335634867      -0.475479474392345     
   2.44256671269735        1.52660419543584      -0.398328820540450     
   2.44256671269735        1.83192503452301      -0.335572665460355     
   2.44256671269735        2.13724587361018      -0.287375077136911     
   2.44256671269735        2.44256671269735      -0.251811285508443     
   2.44256671269735        2.74788755178452      -0.225680241258205     
   2.44256671269735        3.05320839087168      -0.205520350257683     
   2.44256671269735        3.35852922995885      -0.188618031422398     
   2.44256671269735        3.66385006904602      -0.173514779936231     
   2.44256671269735        3.96917090813319      -0.159845345122000     
   2.44256671269735        4.27449174722036      -0.147747047014096     
   2.44256671269735        4.57981258630753      -0.137260859155796     
   2.44256671269735        4.88513342539469      -0.128077479347511     
   2.44256671269735        5.19045426448186      -0.119684926839627     
   2.44256671269735        5.49577510356903      -0.111684756595273     
   2.44256671269735        5.80109594265620      -0.103968955072882     
   2.44256671269735        6.10641678174337      -9.665107107303243E-002
   2.44256671269735        6.41173762083054      -8.988344891072478E-002
   2.44256671269735        6.71705845991770      -8.376150519186724E-002
   2.44256671269735        7.02237929900487      -7.837873753956016E-002
   2.44256671269735        7.32770013809204      -7.386408691271346E-002
   2.74788755178452       0.000000000000000E+000  -1.00276104922753     
   2.74788755178452       0.305320839087168      -0.958006331634274     
   2.74788755178452       0.610641678174337      -0.842269533530106     
   2.74788755178452       0.915962517261505      -0.696234497197530     
   2.74788755178452        1.22128335634867      -0.561977268058922     
   2.74788755178452        1.52660419543584      -0.454275828425179     
   2.74788755178452        1.83192503452301      -0.371102347218167     
   2.74788755178452        2.13724587361018      -0.309190714760109     
   2.74788755178452        2.44256671269735      -0.264763690803876     
   2.74788755178452        2.74788755178452      -0.233407665410047     
   2.74788755178452        3.05320839087168      -0.210566776556281     
   2.74788755178452        3.35852922995885      -0.192486185715219     
   2.74788755178452        3.66385006904602      -0.176882048002560     
   2.74788755178452        3.96917090813319      -0.162903783613407     
   2.74788755178452        4.27449174722036      -0.150511245286603     
   2.74788755178452        4.57981258630753      -0.139737245823503     
   2.74788755178452        4.88513342539469      -0.130287050934686     
   2.74788755178452        5.19045426448186      -0.121614578271919     
   2.74788755178452        5.49577510356903      -0.113252642938126     
   2.74788755178452        5.80109594265620      -0.105038324275906     
   2.74788755178452        6.10641678174337      -9.706786333557876E-002
   2.74788755178452        6.41173762083054      -8.949896821856085E-002
   2.74788755178452        6.71705845991770      -8.255742226996871E-002
   2.74788755178452        7.02237929900487      -7.671039514658901E-002
   2.74788755178452        7.32770013809204      -7.218161741109815E-002
   3.05320839087168       0.000000000000000E+000  -1.27352767188624     
   3.05320839087168       0.305320839087168       -1.21006383225997     
   3.05320839087168       0.610641678174337       -1.04450527846359     
   3.05320839087168       0.915962517261505      -0.839092547257325     
   3.05320839087168        1.22128335634867      -0.649339263354328     
   3.05320839087168        1.52660419543584      -0.506826585102991     
   3.05320839087168        1.83192503452301      -0.403167067460699     
   3.05320839087168        2.13724587361018      -0.328382130888612     
   3.05320839087168        2.44256671269735      -0.275845133171694     
   3.05320839087168        2.74788755178452      -0.239724795786231     
   3.05320839087168        3.05320839087168      -0.214428882013304     
   3.05320839087168        3.35852922995885      -0.195273326425655     
   3.05320839087168        3.66385006904602      -0.179244269538899     
   3.05320839087168        3.96917090813319      -0.165052484635585     
   3.05320839087168        4.27449174722036      -0.152468376104321     
   3.05320839087168        4.57981258630753      -0.141489857057792     
   3.05320839087168        4.88513342539469      -0.131834736003473     
   3.05320839087168        5.19045426448186      -0.122943934163202     
   3.05320839087168        5.49577510356903      -0.114301489810443     
   3.05320839087168        5.80109594265620      -0.105680045674503     
   3.05320839087168        6.10641678174337      -9.709702196672092E-002
   3.05320839087168        6.41173762083054      -8.863671280919631E-002
   3.05320839087168        6.71705845991770      -8.082233681279818E-002
   3.05320839087168        7.02237929900487      -7.456138983386615E-002
   3.05320839087168        7.32770013809204      -7.020957710459898E-002
   3.35852922995885       0.000000000000000E+000  -1.47204304801899     
   3.35852922995885       0.305320839087168       -1.40023602217151     
   3.35852922995885       0.610641678174337       -1.20402467292995     
   3.35852922995885       0.915962517261505      -0.950572542684571     
   3.35852922995885        1.22128335634867      -0.718444321669468     
   3.35852922995885        1.52660419543584      -0.545476021269594     
   3.35852922995885        1.83192503452301      -0.425880671348516     
   3.35852922995885        2.13724587361018      -0.341707155342745     
   3.35852922995885        2.44256671269735      -0.283412083983353     
   3.35852922995885        2.74788755178452      -0.243925433366417     
   3.35852922995885        3.05320839087168      -0.216879246031261     
   3.35852922995885        3.35852922995885      -0.196940708656638     
   3.35852922995885        3.66385006904602      -0.180606383105664     
   3.35852922995885        3.96917090813319      -0.166296229721418     
   3.35852922995885        4.27449174722036      -0.153619131302726     
   3.35852922995885        4.57981258630753      -0.142524626032846     
   3.35852922995885        4.88513342539469      -0.132741910606881     
   3.35852922995885        5.19045426448186      -0.123712436374384     
   3.35852922995885        5.49577510356903      -0.114889578976410     
   3.35852922995885        5.80109594265620      -0.105987562811022     
   3.35852922995885        6.10641678174337      -9.690975756585596E-002
   3.35852922995885        6.41173762083054      -8.769186285695951E-002
   3.35852922995885        6.71705845991770      -7.907212540812167E-002
   3.35852922995885        7.02237929900487      -7.258476293473273E-002
   3.35852922995885        7.32770013809204      -6.849635936751940E-002
   3.66385006904602       0.000000000000000E+000  -1.59869934037489     
   3.66385006904602       0.305320839087168       -1.46599178262889     
   3.66385006904602       0.610641678174337       -1.26330888321681     
   3.66385006904602       0.915962517261505      -0.992941889691251     
   3.66385006904602        1.22128335634867      -0.744848159265184     
   3.66385006904602        1.52660419543584      -0.559868535287510     
   3.66385006904602        1.83192503452301      -0.434143453498145     
   3.66385006904602        2.13724587361018      -0.346499443579897     
   3.66385006904602        2.44256671269735      -0.286112260489652     
   3.66385006904602        2.74788755178452      -0.245406400477473     
   3.66385006904602        3.05320839087168      -0.217721305188086     
   3.66385006904602        3.35852922995885      -0.197489207597521     
   3.66385006904602        3.66385006904602      -0.181038619825108     
   3.66385006904602        3.96917090813319      -0.166695184791176     
   3.66385006904602        4.27449174722036      -0.153996237638800     
   3.66385006904602        4.57981258630753      -0.142865905586192     
   3.66385006904602        4.88513342539469      -0.133040013903297     
   3.66385006904602        5.19045426448186      -0.123962969384932     
   3.66385006904602        5.49577510356903      -0.115077210996599     
   3.66385006904602        5.80109594265620      -0.106072216807457     
   3.66385006904602        6.10641678174337      -9.679645328334766E-002
   3.66385006904602        6.41173762083054      -8.726765538958908E-002
   3.66385006904602        6.71705845991770      -7.830130623651371E-002
   3.66385006904602        7.02237929900487      -7.180835443747999E-002
   3.66385006904602        7.32770013809204      -6.722775304803097E-002
   3.96917090813319       0.000000000000000E+000  -1.47204749617570     
   3.96917090813319       0.305320839087168       -1.40037975271863     
   3.96917090813319       0.610641678174337       -1.20416256671980     
   3.96917090813319       0.915962517261505      -0.950664277898607     
   3.96917090813319        1.22128335634867      -0.718497117439815     
   3.96917090813319        1.52660419543584      -0.545506325414450     
   3.96917090813319        1.83192503452301      -0.425899384066373     
   3.96917090813319        2.13724587361018      -0.341718833540838     
   3.96917090813319        2.44256671269735      -0.283419590252190     
   3.96917090813319        2.74788755178452      -0.243930886008294     
   3.96917090813319        3.05320839087168      -0.216884011782677     
   3.96917090813319        3.35852922995885      -0.196945442264209     
   3.96917090813319        3.66385006904602      -0.180611267949457     
   3.96917090813319        3.96917090813319      -0.166301099620294     
   3.96917090813319        4.27449174722036      -0.153623730584957     
   3.96917090813319        4.57981258630753      -0.142528712700285     
   3.96917090813319        4.88513342539469      -0.132745194425180     
   3.96917090813319        5.19045426448186      -0.123714665997127     
   3.96917090813319        5.49577510356903      -0.114890533155437     
   3.96917090813319        5.80109594265620      -0.105987003388810     
   3.96917090813319        6.10641678174337      -9.690703721890699E-002
   3.96917090813319        6.41173762083054      -8.768600665917912E-002
   3.96917090813319        6.71705845991770      -7.906316403992755E-002
   3.96917090813319        7.02237929900487      -7.257596361140854E-002
   3.96917090813319        7.32770013809204      -6.849873232027702E-002
   4.27449174722036       0.000000000000000E+000  -1.27353511778374     
   4.27449174722036       0.305320839087168       -1.21020460624748     
   4.27449174722036       0.610641678174337       -1.04466991033161     
   4.27449174722036       0.915962517261505      -0.839217231335817     
   4.27449174722036        1.22128335634867      -0.649416633443992     
   4.27449174722036        1.52660419543584      -0.506875097996918     
   4.27449174722036        1.83192503452301      -0.403197956174724     
   4.27449174722036        2.13724587361018      -0.328401542180316     
   4.27449174722036        2.44256671269735      -0.275857807034957     
   4.27449174722036        2.74788755178452      -0.239734344628624     
   4.27449174722036        3.05320839087168      -0.214437687867040     
   4.27449174722036        3.35852922995885      -0.195282532071736     
   4.27449174722036        3.66385006904602      -0.179253974303950     
   4.27449174722036        3.96917090813319      -0.165062307977658     
   4.27449174722036        4.27449174722036      -0.152477755561229     
   4.27449174722036        4.57981258630753      -0.141498197457807     
   4.27449174722036        4.88513342539469      -0.131841492582268     
   4.27449174722036        5.19045426448186      -0.122948658145665     
   4.27449174722036        5.49577510356903      -0.114303797577308     
   4.27449174722036        5.80109594265620      -0.105679671748311     
   4.27449174722036        6.10641678174337      -9.709345730858625E-002
   4.27449174722036        6.41173762083054      -8.862899689004121E-002
   4.27449174722036        6.71705845991770      -8.081182355176081E-002
   4.27449174722036        7.02237929900487      -7.455366639420742E-002
   4.27449174722036        7.32770013809204      -7.021344485405041E-002
   4.57981258630753       0.000000000000000E+000  -1.00276838550530     
   4.57981258630753       0.305320839087168      -0.958102418460958     
   4.57981258630753       0.610641678174337      -0.842395336779557     
   4.57981258630753       0.915962517261505      -0.696339825217068     
   4.57981258630753        1.22128335634867      -0.562052250957457     
   4.57981258630753        1.52660419543584      -0.454327073223622     
   4.57981258630753        1.83192503452301      -0.371135744266916     
   4.57981258630753        2.13724587361018      -0.309211779743425     
   4.57981258630753        2.44256671269735      -0.264777664062468     
   4.57981258630753        2.74788755178452      -0.233418996311152     
   4.57981258630753        3.05320839087168      -0.210578275717371     
   4.57981258630753        3.35852922995885      -0.192499067021662     
   4.57981258630753        3.66385006904602      -0.176896242566422     
   4.57981258630753        3.96917090813319      -0.162918514347027     
   4.57981258630753        4.27449174722036      -0.150525526455481     
   4.57981258630753        4.57981258630753      -0.139750064887459     
   4.57981258630753        4.88513342539469      -0.130297601036594     
   4.57981258630753        5.19045426448186      -0.121622189307240     
   4.57981258630753        5.49577510356903      -0.113256916089667     
   4.57981258630753        5.80109594265620      -0.105039073831843     
   4.57981258630753        6.10641678174337      -9.706513488725950E-002
   4.57981258630753        6.41173762083054      -8.949288903994594E-002
   4.57981258630753        6.71705845991770      -8.254954683548785E-002
   4.57981258630753        7.02237929900487      -7.670563656591065E-002
   4.57981258630753        7.32770013809204      -7.218525568788592E-002
   4.88513342539469       0.000000000000000E+000 -0.751992371636358     
   4.88513342539469       0.305320839087168      -0.724432418051997     
   4.88513342539469       0.610641678174337      -0.653046056966694     
   4.88513342539469       0.915962517261505      -0.563627292154053     
   4.88513342539469        1.22128335634867      -0.475538402887876     
   4.88513342539469        1.52660419543584      -0.398370946889402     
   4.88513342539469        1.83192503452301      -0.335599897555173     
   4.88513342539469        2.13724587361018      -0.287391708126291     
   4.88513342539469        2.44256671269735      -0.251822451015899     
   4.88513342539469        2.74788755178452      -0.225690499095876     
   4.88513342539469        3.05320839087168      -0.205532575295681     
   4.88513342539469        3.35852922995885      -0.188633284268890     
   4.88513342539469        3.66385006904602      -0.173532620241550     
   4.88513342539469        3.96917090813319      -0.159864522658473     
   4.88513342539469        4.27449174722036      -0.147766015122355     
   4.88513342539469        4.57981258630753      -0.137278154999359     
   4.88513342539469        4.88513342539469      -0.128091915023717     
   4.88513342539469        5.19045426448186      -0.119695709184953     
   4.88513342539469        5.49577510356903      -0.111691416427703     
   4.88513342539469        5.80109594265620      -0.103971468289040     
   4.88513342539469        6.10641678174337      -9.664983305102934E-002
   4.88513342539469        6.41173762083054      -8.987948755389145E-002
   4.88513342539469        6.71705845991770      -8.375677655263994E-002
   4.88513342539469        7.02237929900487      -7.837647617826464E-002
   4.88513342539469        7.32770013809204      -7.386773787811420E-002
   5.19045426448186       0.000000000000000E+000 -0.563356016903079     
   5.19045426448186       0.305320839087168      -0.548787398820080     
   5.19045426448186       0.610641678174337      -0.509755562466047     
   5.19045426448186       0.915962517261505      -0.456490631095232     
   5.19045426448186        1.22128335634867      -0.399490711771265     
   5.19045426448186        1.52660419543584      -0.346384480746849     
   5.19045426448186        1.83192503452301      -0.301376657851895     
   5.19045426448186        2.13724587361018      -0.265700570221310     
   5.19045426448186        2.44256671269735      -0.238353552698441     
   5.19045426448186        2.74788755178452      -0.217068253561651     
   5.19045426448186        3.05320839087168      -0.199415330660553     
   5.19045426448186        3.35852922995885      -0.183680374388641     
   5.19045426448186        3.66385006904602      -0.169169077804987     
   5.19045426448186        3.96917090813319      -0.155936580849533     
   5.19045426448186        4.27449174722036      -0.144243190317069     
   5.19045426448186        4.57981258630753      -0.134113437099266     
   5.19045426448186        4.88513342539469      -0.125234746768068     
   5.19045426448186        5.19045426448186      -0.117161400563544     
   5.19045426448186        5.49577510356903      -0.109585003829565     
   5.19045426448186        5.80109594265620      -0.102439717380868     
   5.19045426448186        6.10641678174337      -9.580565459277408E-002
   5.19045426448186        6.41173762083054      -8.975209456563057E-002
   5.19045426448186        6.71705845991770      -8.427557174765844E-002
   5.19045426448186        7.02237929900487      -7.935389200858195E-002
   5.19045426448186        7.32770013809204      -7.500203312256244E-002
   5.49577510356903       0.000000000000000E+000 -0.432859840701058     
   5.49577510356903       0.305320839087168      -0.424972316447632     
   5.49577510356903       0.610641678174337      -0.403454931725176     
   5.49577510356903       0.915962517261505      -0.372632757650137     
   5.49577510356903        1.22128335634867      -0.337189848253793     
   5.49577510356903        1.52660419543584      -0.302197971667384     
   5.49577510356903        1.83192503452301      -0.271282110675857     
   5.49577510356903        2.13724587361018      -0.245765580947825     
   5.49577510356903        2.44256671269735      -0.225092119525611     
   5.49577510356903        2.74788755178452      -0.207741833175462     
   5.49577510356903        3.05320839087168      -0.192201714105344     
   5.49577510356903        3.35852922995885      -0.177604689806363     
   5.49577510356903        3.66385006904602      -0.163837769479746     
   5.49577510356903        3.96917090813319      -0.151221372176889     
   5.49577510356903        4.27449174722036      -0.140056855152876     
   5.49577510356903        4.57981258630753      -0.130342251549988     
   5.49577510356903        4.88513342539469      -0.121794507360598     
   5.49577510356903        5.19045426448186      -0.114073315547204     
   5.49577510356903        5.49577510356903      -0.106978016052693     
   5.49577510356903        5.80109594265620      -0.100472082662909     
   5.49577510356903        6.10641678174337      -9.456875858929713E-002
   5.49577510356903        6.41173762083054      -8.921799313861069E-002
   5.49577510356903        6.71705845991770      -8.430935444826397E-002
   5.49577510356903        7.02237929900487      -7.977597316628743E-002
   5.49577510356903        7.32770013809204      -7.561992081634945E-002
   5.80109594265620       0.000000000000000E+000 -0.345530169517250     
   5.80109594265620       0.305320839087168      -0.341075772208518     
   5.80109594265620       0.610641678174337      -0.328519457037654     
   5.80109594265620       0.915962517261505      -0.310128269435406     
   5.80109594265620        1.22128335634867      -0.288755131382774     
   5.80109594265620        1.52660419543584      -0.266838799607644     
   5.80109594265620        1.83192503452301      -0.246143894300219     
   5.80109594265620        2.13724587361018      -0.227979909659446     
   5.80109594265620        2.44256671269735      -0.212112670367576     
   5.80109594265620        2.74788755178452      -0.197661023606322     
   5.80109594265620        3.05320839087168      -0.183867533551382     
   5.80109594265620        3.35852922995885      -0.170474208820591     
   5.80109594265620        3.66385006904602      -0.157681169963852     
   5.80109594265620        3.96917090813319      -0.145882666894979     
   5.80109594265620        4.27449174722036      -0.135362551827427     
   5.80109594265620        4.57981258630753      -0.126110446331457     
   5.80109594265620        4.88513342539469      -0.117910945661491     
   5.80109594265620        5.19045426448186      -0.110561613810973     
   5.80109594265620        5.49577510356903      -0.103980197868916     
   5.80109594265620        5.80109594265620      -9.815281774117213E-002
   5.80109594265620        6.10641678174337      -9.301786277262294E-002
   5.80109594265620        6.41173762083054      -8.839474240152920E-002
   5.80109594265620        6.71705845991770      -8.411450624792335E-002
   5.80109594265620        7.02237929900487      -8.004422032701744E-002
   5.80109594265620        7.32770013809204      -7.612778836793911E-002
   6.10641678174337       0.000000000000000E+000 -0.290407302331299     
   6.10641678174337       0.305320839087168      -0.287630751485740     
   6.10641678174337       0.610641678174337      -0.279694977863556     
   6.10641678174337       0.915962517261505      -0.267780400279248     
   6.10641678174337        1.22128335634867      -0.253844241287485     
   6.10641678174337        1.52660419543584      -0.239445758619574     
   6.10641678174337        1.83192503452301      -0.225303890574026     
   6.10641678174337        2.13724587361018      -0.211860937102758     
   6.10641678174337        2.44256671269735      -0.199133798998973     
   6.10641678174337        2.74788755178452      -0.186762317195673     
   6.10641678174337        3.05320839087168      -0.174553116746691     
   6.10641678174337        3.35852922995885      -0.162580951670589     
   6.10641678174337        3.66385006904602      -0.151011837575140     
   6.10641678174337        3.96917090813319      -0.140154020976969     
   6.10641678174337        4.27449174722036      -0.130338685472330     
   6.10641678174337        4.57981258630753      -0.121603666197645     
   6.10641678174337        4.88513342539469      -0.113781663312177     
   6.10641678174337        5.19045426448186      -0.106814359149904     
   6.10641678174337        5.49577510356903      -0.100742516883727     
   6.10641678174337        5.80109594265620      -9.557821330893046E-002
   6.10641678174337        6.10641678174337      -9.119540845951811E-002
   6.10641678174337        6.41173762083054      -8.735652962053060E-002
   6.10641678174337        6.71705845991770      -8.380907866864973E-002
   6.10641678174337        7.02237929900487      -8.031829568859562E-002
   6.10641678174337        7.32770013809204      -7.669360906978580E-002
   6.41173762083054       0.000000000000000E+000 -0.257936982639496     
   6.41173762083054       0.305320839087168      -0.255552637353927     
   6.41173762083054       0.610641678174337      -0.248616584376890     
   6.41173762083054       0.915962517261505      -0.238982888422622     
   6.41173762083054        1.22128335634867      -0.228526960267070     
   6.41173762083054        1.52660419543584      -0.217982163244830     
   6.41173762083054        1.83192503452301      -0.207352290842719     
   6.41173762083054        2.13724587361018      -0.196641987806566     
   6.41173762083054        2.44256671269735      -0.185910724406293     
   6.41173762083054        2.74788755178452      -0.175150311485393     
   6.41173762083054        3.05320839087168      -0.164499985069436     
   6.41173762083054        3.35852922995885      -0.154083612775131     
   6.41173762083054        3.66385006904602      -0.143932349484868     
   6.41173762083054        3.96917090813319      -0.134196859599238     
   6.41173762083054        4.27449174722036      -0.125163825883619     
   6.41173762083054        4.57981258630753      -0.117006220672409     
   6.41173762083054        4.88513342539469      -0.109630558272343     
   6.41173762083054        5.19045426448186      -0.103032709668439     
   6.41173762083054        5.49577510356903      -9.740123825931359E-002
   6.41173762083054        5.80109594265620      -9.280806350675393E-002
   6.41173762083054        6.10641678174337      -8.916008810403081E-002
   6.41173762083054        6.41173762083054      -8.612486985973650E-002
   6.41173762083054        6.71705845991770      -8.333985797551978E-002
   6.41173762083054        7.02237929900487      -8.054938304551437E-002
   6.41173762083054        7.32770013809204      -7.735002358523663E-002
   6.71705845991770       0.000000000000000E+000 -0.237532824430346     
   6.71705845991770       0.305320839087168      -0.233985678966898     
   6.71705845991770       0.610641678174337      -0.225038192467778     
   6.71705845991770       0.915962517261505      -0.216033215374220     
   6.71705845991770        1.22128335634867      -0.207692055321658     
   6.71705845991770        1.52660419543584      -0.199437166340498     
   6.71705845991770        1.83192503452301      -0.190867021989579     
   6.71705845991770        2.13724587361018      -0.181825360239928     
   6.71705845991770        2.44256671269735      -0.172513764371611     
   6.71705845991770        2.74788755178452      -0.163067887451727     
   6.71705845991770        3.05320839087168      -0.153865352700537     
   6.71705845991770        3.35852922995885      -0.145339143430174     
   6.71705845991770        3.66385006904602      -0.137057449227904     
   6.71705845991770        3.96917090813319      -0.128652617910927     
   6.71705845991770        4.27449174722036      -0.120536854219543     
   6.71705845991770        4.57981258630753      -0.112766891823491     
   6.71705845991770        4.88513342539469      -0.105693110107119     
   6.71705845991770        5.19045426448186      -9.938409054794667E-002
   6.71705845991770        5.49577510356903      -9.405410892404030E-002
   6.71705845991770        5.80109594265620      -8.996190947918704E-002
   6.71705845991770        6.10641678174337      -8.702689645049959E-002
   6.71705845991770        6.41173762083054      -8.477259882168969E-002
   6.71705845991770        6.71705845991770      -8.257197789001083E-002
   6.71705845991770        7.02237929900487      -8.039914663372308E-002
   6.71705845991770        7.32770013809204      -7.797462506886549E-002
   7.02237929900487       0.000000000000000E+000 -0.216048652574600     
   7.02237929900487       0.305320839087168      -0.210542180461788     
   7.02237929900487       0.610641678174337      -0.198999705507569     
   7.02237929900487       0.915962517261505      -0.193494758023439     
   7.02237929900487        1.22128335634867      -0.188288544505106     
   7.02237929900487        1.52660419543584      -0.182129276188237     
   7.02237929900487        1.83192503452301      -0.175146746248046     
   7.02237929900487        2.13724587361018      -0.167481375290015     
   7.02237929900487        2.44256671269735      -0.159389839657865     
   7.02237929900487        2.74788755178452      -0.151021596384371     
   7.02237929900487        3.05320839087168      -0.143224879085262     
   7.02237929900487        3.35852922995885      -0.137338856063687     
   7.02237929900487        3.66385006904602      -0.131720051013941     
   7.02237929900487        3.96917090813319      -0.124374672941844     
   7.02237929900487        4.27449174722036      -0.117161084057580     
   7.02237929900487        4.57981258630753      -0.109452377833604     
   7.02237929900487        4.88513342539469      -0.102181406873225     
   7.02237929900487        5.19045426448186      -9.595909388937497E-002
   7.02237929900487        5.49577510356903      -9.081352177147051E-002
   7.02237929900487        5.80109594265620      -8.716414872815138E-002
   7.02237929900487        6.10641678174337      -8.491529414079700E-002
   7.02237929900487        6.41173762083054      -8.358230668120271E-002
   7.02237929900487        6.71705845991770      -8.210355967194859E-002
   7.02237929900487        7.02237929900487      -7.995125522937126E-002
   7.02237929900487        7.32770013809204      -7.830540013029562E-002
   7.32770013809204       0.000000000000000E+000 -0.193936705902093     
   7.32770013809204       0.305320839087168      -0.186263949703435     
   7.32770013809204       0.610641678174337      -0.176786472476155     
   7.32770013809204       0.915962517261505      -0.174157169214467     
   7.32770013809204        1.22128335634867      -0.170935636234368     
   7.32770013809204        1.52660419543584      -0.166255245949068     
   7.32770013809204        1.83192503452301      -0.160547020868794     
   7.32770013809204        2.13724587361018      -0.154154241361069     
   7.32770013809204        2.44256671269735      -0.147225053385361     
   7.32770013809204        2.74788755178452      -0.139926987613449     
   7.32770013809204        3.05320839087168      -0.133421009989453     
   7.32770013809204        3.35852922995885      -0.129814766424136     
   7.32770013809204        3.66385006904602      -0.126936067372353     
   7.32770013809204        3.96917090813319      -0.121209088578325     
   7.32770013809204        4.27449174722036      -0.114771215112246     
   7.32770013809204        4.57981258630753      -0.106640795707241     
   7.32770013809204        4.88513342539469      -9.898168398782740E-002
   7.32770013809204        5.19045426448186      -9.271563397671520E-002
   7.32770013809204        5.49577510356903      -8.774716367984794E-002
   7.32770013809204        5.80109594265620      -8.442648601036651E-002
   7.32770013809204        6.10641678174337      -8.271379225021444E-002
   7.32770013809204        6.41173762083054      -8.231011062618972E-002
   7.32770013809204        6.71705845991770      -8.234753914139291E-002
   7.32770013809204        7.02237929900487      -8.059032766392975E-002
   7.32770013809204        7.32770013809204      -7.681460598823556E-002
