  0.000000000000000E+000  0.000000000000000E+000 -0.129618381034245     
  0.000000000000000E+000  0.305320839087168      -0.134717768298782     
  0.000000000000000E+000  0.610641678174337      -0.137946218511936     
  0.000000000000000E+000  0.915962517261505      -0.140375037667160     
  0.000000000000000E+000   1.22128335634867      -0.143217525635913     
  0.000000000000000E+000   1.52660419543584      -0.147072495175287     
  0.000000000000000E+000   1.83192503452301      -0.152146081028191     
  0.000000000000000E+000   2.13724587361018      -0.158453330217364     
  0.000000000000000E+000   2.44256671269735      -0.165849458812480     
  0.000000000000000E+000   2.74788755178452      -0.174102813700235     
  0.000000000000000E+000   3.05320839087168      -0.181106131443022     
  0.000000000000000E+000   3.35852922995885      -0.182961938587820     
  0.000000000000000E+000   3.66385006904602      -0.181036277414469     
  0.000000000000000E+000   3.96917090813319      -0.182959811980001     
  0.000000000000000E+000   4.27449174722036      -0.181102489583772     
  0.000000000000000E+000   4.57981258630753      -0.174098826421755     
  0.000000000000000E+000   4.88513342539469      -0.165845838594737     
  0.000000000000000E+000   5.19045426448186      -0.158450176154796     
  0.000000000000000E+000   5.49577510356903      -0.152143075856858     
  0.000000000000000E+000   5.80109594265620      -0.147069374492517     
  0.000000000000000E+000   6.10641678174337      -0.143213258776330     
  0.000000000000000E+000   6.41173762083054      -0.140367216239618     
  0.000000000000000E+000   6.71705845991770      -0.137932448726892     
  0.000000000000000E+000   7.02237929900487      -0.134705110487859     
  0.000000000000000E+000   7.32770013809204      -0.129616764536640     
  0.305320839087168       0.000000000000000E+000 -0.134721220423194     
  0.305320839087168       0.305320839087168      -0.138551910353932     
  0.305320839087168       0.610641678174337      -0.143887307406883     
  0.305320839087168       0.915962517261505      -0.148888321939214     
  0.305320839087168        1.22128335634867      -0.153352336272845     
  0.305320839087168        1.52660419543584      -0.158342769582512     
  0.305320839087168        1.83192503452301      -0.164311602514440     
  0.305320839087168        2.13724587361018      -0.171236040458207     
  0.305320839087168        2.44256671269735      -0.178626030047747     
  0.305320839087168        2.74788755178452      -0.185667042484791     
  0.305320839087168        3.05320839087168      -0.189791314148163     
  0.305320839087168        3.35852922995885      -0.188372967484605     
  0.305320839087168        3.66385006904602      -0.185460420083150     
  0.305320839087168        3.96917090813319      -0.188388018564165     
  0.305320839087168        4.27449174722036      -0.189804654481916     
  0.305320839087168        4.57981258630753      -0.185674811874300     
  0.305320839087168        4.88513342539469      -0.178629780738529     
  0.305320839087168        5.19045426448186      -0.171238012585787     
  0.305320839087168        5.49577510356903      -0.164313425904338     
  0.305320839087168        5.80109594265620      -0.158346138006371     
  0.305320839087168        6.10641678174337      -0.153359712170609     
  0.305320839087168        6.41173762083054      -0.148903810678331     
  0.305320839087168        6.71705845991770      -0.143916917852855     
  0.305320839087168        7.02237929900487      -0.138589298705653     
  0.305320839087168        7.32770013809204      -0.134708191394723     
  0.610641678174337       0.000000000000000E+000 -0.137949335794835     
  0.610641678174337       0.305320839087168      -0.143887685086278     
  0.610641678174337       0.610641678174337      -0.150714214081072     
  0.610641678174337       0.915962517261505      -0.157453302922156     
  0.610641678174337        1.22128335634867      -0.163702518686840     
  0.610641678174337        1.52660419543584      -0.170201968984546     
  0.610641678174337        1.83192503452301      -0.177374566092114     
  0.610641678174337        2.13724587361018      -0.185100266340034     
  0.610641678174337        2.44256671269735      -0.192667757508395     
  0.610641678174337        2.74788755178452      -0.198978410884815     
  0.610641678174337        3.05320839087168      -0.201626638244845     
  0.610641678174337        3.35852922995885      -0.199623407779169     
  0.610641678174337        3.66385006904602      -0.197389949140405     
  0.610641678174337        3.96917090813319      -0.199638508130795     
  0.610641678174337        4.27449174722036      -0.201644138958117     
  0.610641678174337        4.57981258630753      -0.198991334618769     
  0.610641678174337        4.88513342539469      -0.192675792848159     
  0.610641678174337        5.19045426448186      -0.185105939940660     
  0.610641678174337        5.49577510356903      -0.177379878631482     
  0.610641678174337        5.80109594265620      -0.170209378026656     
  0.610641678174337        6.10641678174337      -0.163715598291153     
  0.610641678174337        6.41173762083054      -0.157476599303897     
  0.610641678174337        6.71705845991770      -0.150748985148995     
  0.610641678174337        7.02237929900487      -0.143916942586382     
  0.610641678174337        7.32770013809204      -0.137935148064304     
  0.915962517261505       0.000000000000000E+000 -0.140376408862293     
  0.915962517261505       0.305320839087168      -0.148889055854339     
  0.915962517261505       0.610641678174337      -0.157453831689571     
  0.915962517261505       0.915962517261505      -0.165882167136714     
  0.915962517261505        1.22128335634867      -0.174126142341324     
  0.915962517261505        1.52660419543584      -0.182544747360387     
  0.915962517261505        1.83192503452301      -0.191399067782248     
  0.915962517261505        2.13724587361018      -0.200545352483139     
  0.915962517261505        2.44256671269735      -0.209246321180400     
  0.915962517261505        2.74788755178452      -0.216518561396450     
  0.915962517261505        3.05320839087168      -0.220904457848587     
  0.915962517261505        3.35852922995885      -0.221914937949149     
  0.915962517261505        3.66385006904602      -0.221672546157684     
  0.915962517261505        3.96917090813319      -0.221925196202658     
  0.915962517261505        4.27449174722036      -0.220918269931367     
  0.915962517261505        4.57981258630753      -0.216530319469099     
  0.915962517261505        4.88513342539469      -0.209255208727914     
  0.915962517261505        5.19045426448186      -0.200552499005959     
  0.915962517261505        5.49577510356903      -0.191405796424782     
  0.915962517261505        5.80109594265620      -0.182553030228427     
  0.915962517261505        6.10641678174337      -0.174138714356948     
  0.915962517261505        6.41173762083054      -0.165901116947697     
  0.915962517261505        6.71705845991770      -0.157476954754608     
  0.915962517261505        7.02237929900487      -0.148904181248838     
  0.915962517261505        7.32770013809204      -0.140368207311875     
   1.22128335634867       0.000000000000000E+000 -0.143218827808335     
   1.22128335634867       0.305320839087168      -0.153353842992491     
   1.22128335634867       0.610641678174337      -0.163703980486103     
   1.22128335634867       0.915962517261505      -0.174127047812738     
   1.22128335634867        1.22128335634867      -0.184604252878340     
   1.22128335634867        1.52660419543584      -0.195279274404540     
   1.22128335634867        1.83192503452301      -0.206313030565122     
   1.22128335634867        2.13724587361018      -0.217496271728516     
   1.22128335634867        2.44256671269735      -0.228099193958727     
   1.22128335634867        2.74788755178452      -0.237262462447184     
   1.22128335634867        3.05320839087168      -0.244080892486839     
   1.22128335634867        3.35852922995885      -0.247984298596329     
   1.22128335634867        3.66385006904602      -0.249171593623213     
   1.22128335634867        3.96917090813319      -0.247990125598877     
   1.22128335634867        4.27449174722036      -0.244089443114835     
   1.22128335634867        4.57981258630753      -0.237271069207404     
   1.22128335634867        4.88513342539469      -0.228106846534944     
   1.22128335634867        5.19045426448186      -0.217503003545439     
   1.22128335634867        5.49577510356903      -0.206319503873100     
   1.22128335634867        5.80109594265620      -0.195286619187994     
   1.22128335634867        6.10641678174337      -0.184613907086606     
   1.22128335634867        6.41173762083054      -0.174139497874282     
   1.22128335634867        6.71705845991770      -0.163716802287605     
   1.22128335634867        7.02237929900487      -0.153360841416361     
   1.22128335634867        7.32770013809204      -0.143214138990455     
   1.52660419543584       0.000000000000000E+000 -0.147075187626535     
   1.52660419543584       0.305320839087168      -0.158345633168045     
   1.52660419543584       0.610641678174337      -0.170204575405758     
   1.52660419543584       0.915962517261505      -0.182546603933004     
   1.52660419543584        1.22128335634867      -0.195280134019755     
   1.52660419543584        1.52660419543584      -0.208403895373975     
   1.52660419543584        1.83192503452301      -0.221922326645840     
   1.52660419543584        2.13724587361018      -0.235383574643502     
   1.52660419543584        2.44256671269735      -0.248141954035202     
   1.52660419543584        2.74788755178452      -0.259394468278761     
   1.52660419543584        3.05320839087168      -0.268236620313646     
   1.52660419543584        3.35852922995885      -0.273860669280454     
   1.52660419543584        3.66385006904602      -0.275782712257494     
   1.52660419543584        3.96917090813319      -0.273863707271391     
   1.52660419543584        4.27449174722036      -0.268241573346228     
   1.52660419543584        4.57981258630753      -0.259400033727733     
   1.52660419543584        4.88513342539469      -0.248147387158762     
   1.52660419543584        5.19045426448186      -0.235388796222606     
   1.52660419543584        5.49577510356903      -0.221927700876629     
   1.52660419543584        5.80109594265620      -0.208410003643937     
   1.52660419543584        6.10641678174337      -0.195287372544521     
   1.52660419543584        6.41173762083054      -0.182554660481857     
   1.52660419543584        6.71705845991770      -0.170211631129409     
   1.52660419543584        7.02237929900487      -0.158348539598264     
   1.52660419543584        7.32770013809204      -0.147071539687760     
   1.83192503452301       0.000000000000000E+000 -0.152151187748875     
   1.83192503452301       0.305320839087168      -0.164316332331141     
   1.83192503452301       0.610641678174337      -0.177378345117623     
   1.83192503452301       0.915962517261505      -0.191401585846318     
   1.83192503452301        1.22128335634867      -0.206314375506189     
   1.83192503452301        1.52660419543584      -0.221922822602802     
   1.83192503452301        1.83192503452301      -0.237811807851861     
   1.83192503452301        2.13724587361018      -0.253433337915666     
   1.83192503452301        2.44256671269735      -0.268153848612332     
   1.83192503452301        2.74788755178452      -0.281194424090693     
   1.83192503452301        3.05320839087168      -0.291593735707564     
   1.83192503452301        3.35852922995885      -0.298345916505069     
   1.83192503452301        3.66385006904602      -0.300689994917364     
   1.83192503452301        3.96917090813319      -0.298347325792257     
   1.83192503452301        4.27449174722036      -0.291596120323864     
   1.83192503452301        4.57981258630753      -0.281197254083218     
   1.83192503452301        4.88513342539469      -0.268156896833258     
   1.83192503452301        5.19045426448186      -0.253436747478672     
   1.83192503452301        5.49577510356903      -0.237815998013783     
   1.83192503452301        5.80109594265620      -0.221928092321058     
   1.83192503452301        6.10641678174337      -0.206320642644992     
   1.83192503452301        6.41173762083054      -0.191407979936862     
   1.83192503452301        6.71705845991770      -0.177383179052818     
   1.83192503452301        7.02237929900487      -0.164317555723388     
   1.83192503452301        7.32770013809204      -0.152147508547587     
   2.13724587361018       0.000000000000000E+000 -0.158461900634464     
   2.13724587361018       0.305320839087168      -0.171243100613249     
   2.13724587361018       0.610641678174337      -0.185105065049855     
   2.13724587361018       0.915962517261505      -0.200548089567063     
   2.13724587361018        1.22128335634867      -0.217497589586438     
   2.13724587361018        1.52660419543584      -0.235384091104292     
   2.13724587361018        1.83192503452301      -0.253433471747969     
   2.13724587361018        2.13724587361018      -0.270908220327337     
   2.13724587361018        2.44256671269735      -0.287148229706508     
   2.13724587361018        2.74788755178452      -0.301426088945119     
   2.13724587361018        3.05320839087168      -0.312800468294823     
   2.13724587361018        3.35852922995885      -0.320199704217308     
   2.13724587361018        3.66385006904602      -0.322771350290023     
   2.13724587361018        3.96917090813319      -0.320200000101596     
   2.13724587361018        4.27449174722036      -0.312800978274677     
   2.13724587361018        4.57981258630753      -0.301426749505626     
   2.13724587361018        4.88513342539469      -0.287149259956096     
   2.13724587361018        5.19045426448186      -0.270910112774534     
   2.13724587361018        5.49577510356903      -0.253436778291661     
   2.13724587361018        5.80109594265620      -0.235389099633816     
   2.13724587361018        6.10641678174337      -0.217504008582095     
   2.13724587361018        6.41173762083054      -0.200554798771373     
   2.13724587361018        6.71705845991770      -0.185110123222003     
   2.13724587361018        7.02237929900487      -0.171244291693584     
   2.13724587361018        7.32770013809204      -0.158457880259997     
   2.44256671269735       0.000000000000000E+000 -0.165863342483447     
   2.44256671269735       0.305320839087168      -0.178636193133693     
   2.44256671269735       0.610641678174337      -0.192673107536523     
   2.44256671269735       0.915962517261505      -0.209248314633706     
   2.44256671269735        1.22128335634867      -0.228099572711731     
   2.44256671269735        1.52660419543584      -0.248141825444742     
   2.44256671269735        1.83192503452301      -0.268153710303449     
   2.44256671269735        2.13724587361018      -0.287148192736329     
   2.44256671269735        2.44256671269735      -0.304420734646749     
   2.44256671269735        2.74788755178452      -0.319340716276610     
   2.44256671269735        3.05320839087168      -0.331101620811268     
   2.44256671269735        3.35852922995885      -0.338713508474093     
   2.44256671269735        3.66385006904602      -0.341352587354989     
   2.44256671269735        3.96917090813319      -0.338713140908656     
   2.44256671269735        4.27449174722036      -0.331100954351289     
   2.44256671269735        4.57981258630753      -0.319339986980496     
   2.44256671269735        4.88513342539469      -0.304420479870882     
   2.44256671269735        5.19045426448186      -0.287149109905552     
   2.44256671269735        5.49577510356903      -0.268156566450110     
   2.44256671269735        5.80109594265620      -0.248146973717874     
   2.44256671269735        6.10641678174337      -0.228106840189069     
   2.44256671269735        6.41173762083054      -0.209256666339922     
   2.44256671269735        6.71705845991770      -0.192680361236051     
   2.44256671269735        7.02237929900487      -0.178638885445129     
   2.44256671269735        7.32770013809204      -0.165858540277752     
   2.74788755178452       0.000000000000000E+000 -0.174122661384535     
   2.74788755178452       0.305320839087168      -0.185679540643006     
   2.74788755178452       0.610641678174337      -0.198982525962451     
   2.74788755178452       0.915962517261505      -0.216517916470841     
   2.74788755178452        1.22128335634867      -0.237260578519893     
   2.74788755178452        1.52660419543584      -0.259392913321066     
   2.74788755178452        1.83192503452301      -0.281193600067829     
   2.74788755178452        2.13724587361018      -0.301425867649509     
   2.74788755178452        2.44256671269735      -0.319340765452144     
   2.74788755178452        2.74788755178452      -0.334434159469830     
   2.74788755178452        3.05320839087168      -0.346136911805004     
   2.74788755178452        3.35852922995885      -0.353671139997659     
   2.74788755178452        3.66385006904602      -0.356285751791429     
   2.74788755178452        3.96917090813319      -0.353670467565097     
   2.74788755178452        4.27449174722036      -0.346135744488489     
   2.74788755178452        4.57981258630753      -0.334432847738794     
   2.74788755178452        4.88513342539469      -0.319339924542164     
   2.74788755178452        5.19045426448186      -0.301426313741289     
   2.74788755178452        5.49577510356903      -0.281196162489665     
   2.74788755178452        5.80109594265620      -0.259398163557619     
   2.74788755178452        6.10641678174337      -0.237268793305034     
   2.74788755178452        6.41173762083054      -0.216529090441331     
   2.74788755178452        6.71705845991770      -0.198994517552511     
   2.74788755178452        7.02237929900487      -0.185685958846941     
   2.74788755178452        7.32770013809204      -0.174117181601451     
   3.05320839087168       0.000000000000000E+000 -0.181128260122686     
   3.05320839087168       0.305320839087168      -0.189800955516468     
   3.05320839087168       0.610641678174337      -0.201624418884909     
   3.05320839087168       0.915962517261505      -0.220898032083706     
   3.05320839087168        1.22128335634867      -0.244075313854694     
   3.05320839087168        1.52660419543584      -0.268233035399929     
   3.05320839087168        1.83192503452301      -0.291591953701418     
   3.05320839087168        2.13724587361018      -0.312799959256371     
   3.05320839087168        2.44256671269735      -0.331101752747750     
   3.05320839087168        2.74788755178452      -0.346137138724215     
   3.05320839087168        3.05320839087168      -0.357626068136425     
   3.05320839087168        3.35852922995885      -0.365049149367118     
   3.05320839087168        3.66385006904602      -0.367656087616524     
   3.05320839087168        3.96917090813319      -0.365048522413420     
   3.05320839087168        4.27449174722036      -0.357624980109674     
   3.05320839087168        4.57981258630753      -0.346135874812112     
   3.05320839087168        4.88513342539469      -0.331100879084114     
   3.05320839087168        5.19045426448186      -0.312800220015955     
   3.05320839087168        5.49577510356903      -0.291594065807747     
   3.05320839087168        5.80109594265620      -0.268237731937293     
   3.05320839087168        6.10641678174337      -0.244083593217316     
   3.05320839087168        6.41173762083054      -0.220911421249270     
   3.05320839087168        6.71705845991770      -0.201641109290029     
   3.05320839087168        7.02237929900487      -0.189812866946043     
   3.05320839087168        7.32770013809204      -0.181122965834186     
   3.35852922995885       0.000000000000000E+000 -0.182976248392270     
   3.35852922995885       0.305320839087168      -0.188371144689798     
   3.35852922995885       0.610641678174337      -0.199609874882878     
   3.35852922995885       0.915962517261505      -0.221900926777859     
   3.35852922995885        1.22128335634867      -0.247974565157029     
   3.35852922995885        1.52660419543584      -0.273855115916537     
   3.35852922995885        1.83192503452301      -0.298343241167808     
   3.35852922995885        2.13724587361018      -0.320198909534809     
   3.35852922995885        2.44256671269735      -0.338713699031278     
   3.35852922995885        2.74788755178452      -0.353671593061633     
   3.35852922995885        3.05320839087168      -0.365049430013060     
   3.35852922995885        3.35852922995885      -0.372529648804783     
   3.35852922995885        3.66385006904602      -0.375227109392979     
   3.35852922995885        3.96917090813319      -0.372529269749109     
   3.35852922995885        4.27449174722036      -0.365048710017946     
   3.35852922995885        4.57981258630753      -0.353670801142859     
   3.35852922995885        4.88513342539469      -0.338713080756185     
   3.35852922995885        5.19045426448186      -0.320198969058203     
   3.35852922995885        5.49577510356903      -0.298344474792042     
   3.35852922995885        5.80109594265620      -0.273858037687552     
   3.35852922995885        6.10641678174337      -0.247980328124704     
   3.35852922995885        6.41173762083054      -0.221911142659742     
   3.35852922995885        6.71705845991770      -0.199624630125583     
   3.35852922995885        7.02237929900487      -0.188385043456014     
   3.35852922995885        7.32770013809204      -0.182972857374358     
   3.66385006904602       0.000000000000000E+000 -0.181038619825110     
   3.66385006904602       0.305320839087168      -0.185448641417063     
   3.66385006904602       0.610641678174337      -0.197369394200647     
   3.66385006904602       0.915962517261505      -0.221654582608363     
   3.66385006904602        1.22128335634867      -0.249159826543781     
   3.66385006904602        1.52660419543584      -0.275776241037808     
   3.66385006904602        1.83192503452301      -0.300686897024101     
   3.66385006904602        2.13724587361018      -0.322770401584759     
   3.66385006904602        2.44256671269735      -0.341352780000489     
   3.66385006904602        2.74788755178452      -0.356286290612121     
   3.66385006904602        3.05320839087168      -0.367656490189279     
   3.66385006904602        3.35852922995885      -0.375227241453743     
   3.66385006904602        3.66385006904602      -0.378007553890959     
   3.66385006904602        3.96917090813319      -0.375227143581000     
   3.66385006904602        4.27449174722036      -0.367656344529888     
   3.66385006904602        4.57981258630753      -0.356286097882208     
   3.66385006904602        4.88513342539469      -0.341352537059472     
   3.66385006904602        5.19045426448186      -0.322770235098025     
   3.66385006904602        5.49577510356903      -0.300686799886829     
   3.66385006904602        5.80109594265620      -0.275776332617102     
   3.66385006904602        6.10641678174337      -0.249160041606409     
   3.66385006904602        6.41173762083054      -0.221654915746740     
   3.66385006904602        6.71705845991770      -0.197369487812693     
   3.66385006904602        7.02237929900487      -0.185447823671068     
   3.66385006904602        7.32770013809204      -0.181037884518804     
   3.96917090813319       0.000000000000000E+000 -0.182973647043833     
   3.96917090813319       0.305320839087168      -0.188385475206534     
   3.96917090813319       0.610641678174337      -0.199624316939640     
   3.96917090813319       0.915962517261505      -0.221910684193584     
   3.96917090813319        1.22128335634867      -0.247980041590843     
   3.96917090813319        1.52660419543584      -0.273857906787239     
   3.96917090813319        1.83192503452301      -0.298344478196147     
   3.96917090813319        2.13724587361018      -0.320199095884890     
   3.96917090813319        2.44256671269735      -0.338713272941149     
   3.96917090813319        2.74788755178452      -0.353670899748154     
   3.96917090813319        3.05320839087168      -0.365048806573041     
   3.96917090813319        3.35852922995885      -0.372529286168006     
   3.96917090813319        3.66385006904602      -0.375227031632108     
   3.96917090813319        3.96917090813319      -0.372529537474333     
   3.96917090813319        4.27449174722036      -0.365049243822077     
   3.96917090813319        4.57981258630753      -0.353671381214971     
   3.96917090813319        4.88513342539469      -0.338713442763447     
   3.96917090813319        5.19045426448186      -0.320198721598471     
   3.96917090813319        5.49577510356903      -0.298343142142987     
   3.96917090813319        5.80109594265620      -0.273855116659718     
   3.96917090813319        6.10641678174337      -0.247974618609766     
   3.96917090813319        6.41173762083054      -0.221900968432927     
   3.96917090813319        6.71705845991770      -0.199609509511308     
   3.96917090813319        7.02237929900487      -0.188369989411852     
   3.96917090813319        7.32770013809204      -0.182974898429975     
   4.27449174722036       0.000000000000000E+000 -0.181123812940501     
   4.27449174722036       0.305320839087168      -0.189813281032126     
   4.27449174722036       0.610641678174337      -0.201640948678698     
   4.27449174722036       0.915962517261505      -0.220911060194477     
   4.27449174722036        1.22128335634867      -0.244083285188510     
   4.27449174722036        1.52660419543584      -0.268237559616324     
   4.27449174722036        1.83192503452301      -0.291594034015682     
   4.27449174722036        2.13724587361018      -0.312800273421776     
   4.27449174722036        2.44256671269735      -0.331100979827481     
   4.27449174722036        2.74788755178452      -0.346135931643004     
   4.27449174722036        3.05320839087168      -0.357624984056265     
   4.27449174722036        3.35852922995885      -0.365048456330238     
   4.27449174722036        3.66385006904602      -0.367655974567011     
   4.27449174722036        3.96917090813319      -0.365048983838871     
   4.27449174722036        4.27449174722036      -0.357625881495945     
   4.27449174722036        4.57981258630753      -0.346136890567412     
   4.27449174722036        4.88513342539469      -0.331101574083490     
   4.27449174722036        5.19045426448186      -0.312799776654569     
   4.27449174722036        5.49577510356903      -0.291591844255810     
   4.27449174722036        5.80109594265620      -0.268232984861192     
   4.27449174722036        6.10641678174337      -0.244075255203600     
   4.27449174722036        6.41173762083054      -0.220897820755725     
   4.27449174722036        6.71705845991770      -0.201623831738321     
   4.27449174722036        7.02237929900487      -0.189799858370136     
   4.27449174722036        7.32770013809204      -0.181127013831400     
   4.57981258630753       0.000000000000000E+000 -0.174117835831308     
   4.57981258630753       0.305320839087168      -0.185686323311663     
   4.57981258630753       0.610641678174337      -0.198994479423411     
   4.57981258630753       0.915962517261505      -0.216528848120610     
   4.57981258630753        1.22128335634867      -0.237268521410377     
   4.57981258630753        1.52660419543584      -0.259397965365735     
   4.57981258630753        1.83192503452301      -0.281196058939376     
   4.57981258630753        2.13724587361018      -0.301426285813122     
   4.57981258630753        2.44256671269735      -0.319339901295543     
   4.57981258630753        2.74788755178452      -0.334432794421081     
   4.57981258630753        3.05320839087168      -0.346135648844536     
   4.57981258630753        3.35852922995885      -0.353670377085849     
   4.57981258630753        3.66385006904602      -0.356285592627081     
   4.57981258630753        3.96917090813319      -0.353670967657657     
   4.57981258630753        4.27449174722036      -0.346136691929311     
   4.57981258630753        4.57981258630753      -0.334433967558165     
   4.57981258630753        4.88513342539469      -0.319340590192865     
   4.57981258630753        5.19045426448186      -0.301425697920094     
   4.57981258630753        5.49577510356903      -0.281193501268677     
   4.57981258630753        5.80109594265620      -0.259392824491815     
   4.57981258630753        6.10641678174337      -0.237260451801486     
   4.57981258630753        6.41173762083054      -0.216517629948869     
   4.57981258630753        6.71705845991770      -0.198981967774068     
   4.57981258630753        7.02237929900487      -0.185678686148021     
   4.57981258630753        7.32770013809204      -0.174121673808632     
   4.88513342539469       0.000000000000000E+000 -0.165858989030105     
   4.88513342539469       0.305320839087168      -0.178639115844619     
   4.88513342539469       0.610641678174337      -0.192680316275317     
   4.88513342539469       0.915962517261505      -0.209256450448080     
   4.88513342539469        1.22128335634867      -0.228106588476358     
   4.88513342539469        1.52660419543584      -0.248146755091606     
   4.88513342539469        1.83192503452301      -0.268156390606475     
   4.88513342539469        2.13724587361018      -0.287148979584055     
   4.88513342539469        2.44256671269735      -0.304420341207626     
   4.88513342539469        2.74788755178452      -0.319339817299855     
   4.88513342539469        3.05320839087168      -0.331100743337911     
   4.88513342539469        3.35852922995885      -0.338712913016356     
   4.88513342539469        3.66385006904602      -0.341352366953164     
   4.88513342539469        3.96917090813319      -0.338713310148783     
   4.88513342539469        4.27449174722036      -0.331101508937073     
   4.88513342539469        4.57981258630753      -0.319340588617761     
   4.88513342539469        4.88513342539469      -0.304420656602511     
   4.88513342539469        5.19045426448186      -0.287148110147391     
   4.88513342539469        5.49577510356903      -0.268153653323594     
   4.88513342539469        5.80109594265620      -0.248141741882911     
   4.88513342539469        6.10641678174337      -0.228099410724229     
   4.88513342539469        6.41173762083054      -0.209248054215548     
   4.88513342539469        6.71705845991770      -0.192672669284618     
   4.88513342539469        7.02237929900487      -0.178635572053629     
   4.88513342539469        7.32770013809204      -0.165862599236303     
   5.19045426448186       0.000000000000000E+000 -0.158458111085142     
   5.19045426448186       0.305320839087168      -0.171244382769206     
   5.19045426448186       0.610641678174337      -0.185110050003718     
   5.19045426448186       0.915962517261505      -0.200554604362537     
   5.19045426448186        1.22128335634867      -0.217503786051505     
   5.19045426448186        1.52660419543584      -0.235388892334567     
   5.19045426448186        1.83192503452301      -0.253436575902640     
   5.19045426448186        2.13724587361018      -0.270909909897320     
   5.19045426448186        2.44256671269735      -0.287149028724381     
   5.19045426448186        2.74788755178452      -0.301426481921789     
   5.19045426448186        3.05320839087168      -0.312800718968919     
   5.19045426448186        3.35852922995885      -0.320199771343540     
   5.19045426448186        3.66385006904602      -0.322771182537777     
   5.19045426448186        3.96917090813319      -0.320199593071791     
   5.19045426448186        4.27449174722036      -0.312800403751186     
   5.19045426448186        4.57981258630753      -0.301426036328885     
   5.19045426448186        4.88513342539469      -0.287148223179127     
   5.19045426448186        5.19045426448186      -0.270908206487733     
   5.19045426448186        5.49577510356903      -0.253433462314848     
   5.19045426448186        5.80109594265620      -0.235384026445574     
   5.19045426448186        6.10641678174337      -0.217497462739676     
   5.19045426448186        6.41173762083054      -0.200547857585292     
   5.19045426448186        6.71705845991770      -0.185104713541310     
   5.19045426448186        7.02237929900487      -0.171242627211608     
   5.19045426448186        7.32770013809204      -0.158461343754724     
   5.49577510356903       0.000000000000000E+000 -0.152147575503708     
   5.49577510356903       0.305320839087168      -0.164317546579177     
   5.49577510356903       0.610641678174337      -0.177383085832138     
   5.49577510356903       0.915962517261505      -0.191407820305032     
   5.49577510356903        1.22128335634867      -0.206320455305636     
   5.49577510356903        1.52660419543584      -0.221927905792649     
   5.49577510356903        1.83192503452301      -0.237815796880085     
   5.49577510356903        2.13724587361018      -0.253436514295197     
   5.49577510356903        2.44256671269735      -0.268156627254827     
   5.49577510356903        2.74788755178452      -0.281196945420432     
   5.49577510356903        3.05320839087168      -0.291595825921325     
   5.49577510356903        3.35852922995885      -0.298347127400769     
   5.49577510356903        3.66385006904602      -0.300689854146548     
   5.49577510356903        3.96917090813319      -0.298345910086004     
   5.49577510356903        4.27449174722036      -0.291593808441091     
   5.49577510356903        4.57981258630753      -0.281194535788156     
   5.49577510356903        4.88513342539469      -0.268153972979433     
   5.49577510356903        5.19045426448186      -0.253433435828048     
   5.49577510356903        5.49577510356903      -0.237811868799524     
   5.49577510356903        5.80109594265620      -0.221922803376836     
   5.49577510356903        6.10641678174337      -0.206314296055351     
   5.49577510356903        6.41173762083054      -0.191401421424926     
   5.49577510356903        6.71705845991770      -0.177378096792126     
   5.49577510356903        7.02237929900487      -0.164315996230518     
   5.49577510356903        7.32770013809204      -0.152150761880270     
   5.80109594265620       0.000000000000000E+000 -0.147071450918957     
   5.80109594265620       0.305320839087168      -0.158348469755375     
   5.80109594265620       0.610641678174337      -0.170211552976994     
   5.80109594265620       0.915962517261505      -0.182554549516374     
   5.80109594265620        1.22128335634867      -0.195287237152216     
   5.80109594265620        1.52660419543584      -0.208409863732880     
   5.80109594265620        1.83192503452301      -0.221927525286978     
   5.80109594265620        2.13724587361018      -0.235388549406761     
   5.80109594265620        2.44256671269735      -0.248147081698426     
   5.80109594265620        2.74788755178452      -0.259399692934986     
   5.80109594265620        3.05320839087168      -0.268241269796263     
   5.80109594265620        3.35852922995885      -0.273863509023118     
   5.80109594265620        3.66385006904602      -0.275782684483336     
   5.80109594265620        3.96917090813319      -0.273860769562054     
   5.80109594265620        4.27449174722036      -0.268236832003785     
   5.80109594265620        4.57981258630753      -0.259394713365605     
   5.80109594265620        4.88513342539469      -0.248142190941661     
   5.80109594265620        5.19045426448186      -0.235383756303449     
   5.80109594265620        5.49577510356903      -0.221922441539222     
   5.80109594265620        5.80109594265620      -0.208403947340188     
   5.80109594265620        6.10641678174337      -0.195280095572277     
   5.80109594265620        6.41173762083054      -0.182546489402373     
   5.80109594265620        6.71705845991770      -0.170204373873826     
   5.80109594265620        7.02237929900487      -0.158345347612435     
   5.80109594265620        7.32770013809204      -0.147074814331224     
   6.10641678174337       0.000000000000000E+000 -0.143213895244309     
   6.10641678174337       0.305320839087168      -0.153360739593021     
   6.10641678174337       0.610641678174337      -0.163716786662411     
   6.10641678174337       0.915962517261505      -0.174139489493504     
   6.10641678174337        1.22128335634867      -0.184613856982087     
   6.10641678174337        1.52660419543584      -0.195286530110125     
   6.10641678174337        1.83192503452301      -0.206319373247903     
   6.10641678174337        2.13724587361018      -0.217502773766938     
   6.10641678174337        2.44256671269735      -0.228106515024782     
   6.10641678174337        2.74788755178452      -0.237270672010781     
   6.10641678174337        3.05320839087168      -0.244089078827688     
   6.10641678174337        3.35852922995885      -0.247989864508838     
   6.10641678174337        3.66385006904602      -0.249171545856258     
   6.10641678174337        3.96917090813319      -0.247984450134819     
   6.10641678174337        4.27449174722036      -0.244081216812070     
   6.10641678174337        4.57981258630753      -0.237262846900919     
   6.10641678174337        4.88513342539469      -0.228099539640611     
   6.10641678174337        5.19045426448186      -0.217496567556581     
   6.10641678174337        5.49577510356903      -0.206313243691293     
   6.10641678174337        5.80109594265620      -0.195279377522639     
   6.10641678174337        6.10641678174337      -0.184604232971358     
   6.10641678174337        6.41173762083054      -0.174126923420374     
   6.10641678174337        6.71705845991770      -0.163703740440597     
   6.10641678174337        7.02237929900487      -0.153353485184052     
   6.10641678174337        7.32770013809204      -0.143218411250781     
   6.41173762083054       0.000000000000000E+000 -0.140367809689817     
   6.41173762083054       0.305320839087168      -0.148904042653876     
   6.41173762083054       0.610641678174337      -0.157476992460987     
   6.41173762083054       0.915962517261505      -0.165901211382834     
   6.41173762083054        1.22128335634867      -0.174138772765178     
   6.41173762083054        1.52660419543584      -0.182553013532598     
   6.41173762083054        1.83192503452301      -0.191405699517707     
   6.41173762083054        2.13724587361018      -0.200552283885842     
   6.41173762083054        2.44256671269735      -0.209254825985965     
   6.41173762083054        2.74788755178452      -0.216529769876105     
   6.41173762083054        3.05320839087168      -0.220917701751611     
   6.41173762083054        3.35852922995885      -0.221924855696290     
   6.41173762083054        3.66385006904602      -0.221672522307626     
   6.41173762083054        3.96917090813319      -0.221915181444197     
   6.41173762083054        4.27449174722036      -0.220904876282698     
   6.41173762083054        4.57981258630753      -0.216519078726132     
   6.41173762083054        4.88513342539469      -0.209246830891805     
   6.41173762083054        5.19045426448186      -0.200545766894349     
   6.41173762083054        5.49577510356903      -0.191399380114585     
   6.41173762083054        5.80109594265620      -0.182544927650605     
   6.41173762083054        6.10641678174337      -0.174126171912527     
   6.41173762083054        6.41173762083054      -0.165882037003424     
   6.41173762083054        6.71705845991770      -0.157453527034124     
   6.41173762083054        7.02237929900487      -0.148888503181566     
   6.41173762083054        7.32770013809204      -0.140375775407306     
   6.71705845991770       0.000000000000000E+000 -0.137934598206699     
   6.71705845991770       0.305320839087168      -0.143916658909333     
   6.71705845991770       0.610641678174337      -0.150748947338336     
   6.71705845991770       0.915962517261505      -0.157476726163085     
   6.71705845991770        1.22128335634867      -0.163715752474968     
   6.71705845991770        1.52660419543584      -0.170209455750566     
   6.71705845991770        1.83192503452301      -0.177379822111626     
   6.71705845991770        2.13724587361018      -0.185105709290078     
   6.71705845991770        2.44256671269735      -0.192675298841774     
   6.71705845991770        2.74788755178452      -0.198990519271104     
   6.71705845991770        3.05320839087168      -0.201643264254318     
   6.71705845991770        3.35852922995885      -0.199638012341231     
   6.71705845991770        3.66385006904602      -0.197389897019081     
   6.71705845991770        3.96917090813319      -0.199623679193982     
   6.71705845991770        4.27449174722036      -0.201627195991114     
   6.71705845991770        4.57981258630753      -0.198979125598057     
   6.71705845991770        4.88513342539469      -0.192668452778601     
   6.71705845991770        5.19045426448186      -0.185100837580338     
   6.71705845991770        5.49577510356903      -0.177375013138360     
   6.71705845991770        5.80109594265620      -0.170202265084476     
   6.71705845991770        6.10641678174337      -0.163702664922311     
   6.71705845991770        6.41173762083054      -0.157453305077917     
   6.71705845991770        6.71705845991770      -0.150713943052365     
   6.71705845991770        7.02237929900487      -0.143886902514491     
   6.71705845991770        7.32770013809204      -0.137948367153122     
   7.02237929900487       0.000000000000000E+000 -0.134707521431120     
   7.02237929900487       0.305320839087168      -0.138588647898215     
   7.02237929900487       0.610641678174337      -0.143916618860389     
   7.02237929900487       0.915962517261505      -0.148903882371319     
   7.02237929900487        1.22128335634867      -0.153359930816777     
   7.02237929900487        1.52660419543584      -0.158346319264098     
   7.02237929900487        1.83192503452301      -0.164313449988950     
   7.02237929900487        2.13724587361018      -0.171237791401217     
   7.02237929900487        2.44256671269735      -0.178629173443456     
   7.02237929900487        2.74788755178452      -0.185673739545052     
   7.02237929900487        3.05320839087168      -0.189803412755177     
   7.02237929900487        3.35852922995885      -0.188387156749859     
   7.02237929900487        3.66385006904602      -0.185460045593168     
   7.02237929900487        3.96917090813319      -0.188373175689746     
   7.02237929900487        4.27449174722036      -0.189792116068302     
   7.02237929900487        4.57981258630753      -0.185668058885964     
   7.02237929900487        4.88513342539469      -0.178626978830859     
   7.02237929900487        5.19045426448186      -0.171236799479933     
   7.02237929900487        5.49577510356903      -0.164312222302517     
   7.02237929900487        5.80109594265620      -0.158343243286152     
   7.02237929900487        6.10641678174337      -0.153352674976342     
   7.02237929900487        6.41173762083054      -0.148888560954275     
   7.02237929900487        6.71705845991770      -0.143887360778632     
   7.02237929900487        7.02237929900487      -0.138551455573861     
   7.02237929900487        7.32770013809204      -0.134720725191550     
   7.32770013809204       0.000000000000000E+000 -0.129616077359842     
   7.32770013809204       0.305320839087168      -0.134704320418370     
   7.32770013809204       0.610641678174337      -0.137932089049130     
   7.32770013809204       0.915962517261505      -0.140367299499736     
   7.32770013809204        1.22128335634867      -0.143213542072394     
   7.32770013809204        1.52660419543584      -0.147069656662451     
   7.32770013809204        1.83192503452301      -0.152143202251019     
   7.32770013809204        2.13724587361018      -0.158450027040764     
   7.32770013809204        2.44256671269735      -0.165845265600707     
   7.32770013809204        2.74788755178452      -0.174097815521719     
   7.32770013809204        3.05320839087168      -0.181101309507556     
   7.32770013809204        3.35852922995885      -0.182959276757981     
   7.32770013809204        3.66385006904602      -0.181036601560796     
   7.32770013809204        3.96917090813319      -0.182962576340236     
   7.32770013809204        4.27449174722036      -0.181107464247062     
   7.32770013809204        4.57981258630753      -0.174104224691580     
   7.32770013809204        4.88513342539469      -0.165850660705500     
   7.32770013809204        5.19045426448186      -0.158454290642802     
   7.32770013809204        5.49577510356903      -0.152146876882638     
   7.32770013809204        5.80109594265620      -0.147073154790824     
   7.32770013809204        6.10641678174337      -0.143218090027044     
   7.32770013809204        6.41173762083054      -0.140375542460422     
   7.32770013809204        6.71705845991770      -0.137946693531807     
   7.32770013809204        7.02237929900487      -0.134718312922249     
   7.32770013809204        7.32770013809204      -0.129618891644906     
