  0.000000000000000E+000  0.000000000000000E+000  -1.99313106476917     
  0.000000000000000E+000  0.305320839087168       -1.85642963026115     
  0.000000000000000E+000  0.610641678174337       -1.49965945830866     
  0.000000000000000E+000  0.915962517261505       -1.09461149048897     
  0.000000000000000E+000   1.22128335634867      -0.800528914728672     
  0.000000000000000E+000   1.52660419543584      -0.604560370800112     
  0.000000000000000E+000   1.83192503452301      -0.471681789246267     
  0.000000000000000E+000   2.13724587361018      -0.378119963975141     
  0.000000000000000E+000   2.44256671269735      -0.308352708535001     
  0.000000000000000E+000   2.74788755178452      -0.254861977118876     
  0.000000000000000E+000   3.05320839087168      -0.217247535536004     
  0.000000000000000E+000   3.35852922995885      -0.199877265683726     
  0.000000000000000E+000   3.66385006904602      -0.193940389602032     
  0.000000000000000E+000   3.96917090813319      -0.168239643226839     
  0.000000000000000E+000   4.27449174722036      -0.148150292787473     
  0.000000000000000E+000   4.57981258630753      -0.131848784950748     
  0.000000000000000E+000   4.88513342539469      -0.119297965936361     
  0.000000000000000E+000   5.19045426448186      -0.109623774913808     
  0.000000000000000E+000   5.49577510356903      -0.101346450071236     
  0.000000000000000E+000   5.80109594265620      -9.559808126183621E-002
  0.000000000000000E+000   6.10641678174337      -9.189327351706618E-002
  0.000000000000000E+000   6.41173762083054      -8.882857702275497E-002
  0.000000000000000E+000   6.71705845991770      -8.436804405029479E-002
  0.000000000000000E+000   7.02237929900487      -7.764397409979550E-002
  0.000000000000000E+000   7.32770013809204      -7.091844726951294E-002
  0.305320839087168       0.000000000000000E+000  -1.85641648837056     
  0.305320839087168       0.305320839087168       -1.69861078896881     
  0.305320839087168       0.610641678174337       -1.37100018943903     
  0.305320839087168       0.915962517261505       -1.02714939299420     
  0.305320839087168        1.22128335634867      -0.766944785761937     
  0.305320839087168        1.52660419543584      -0.586995409376383     
  0.305320839087168        1.83192503452301      -0.462170249371468     
  0.305320839087168        2.13724587361018      -0.373175192365113     
  0.305320839087168        2.44256671269735      -0.306754850788326     
  0.305320839087168        2.74788755178452      -0.256142645572723     
  0.305320839087168        3.05320839087168      -0.221505996051977     
  0.305320839087168        3.35852922995885      -0.205157332235580     
  0.305320839087168        3.66385006904602      -0.196339935531026     
  0.305320839087168        3.96917090813319      -0.173968949478785     
  0.305320839087168        4.27449174722036      -0.151074775465411     
  0.305320839087168        4.57981258630753      -0.133193752495174     
  0.305320839087168        4.88513342539469      -0.120047318686654     
  0.305320839087168        5.19045426448186      -0.110047287493424     
  0.305320839087168        5.49577510356903      -0.101724756815543     
  0.305320839087168        5.80109594265620      -9.590679722340870E-002
  0.305320839087168        6.10641678174337      -9.202213803848938E-002
  0.305320839087168        6.41173762083054      -8.863144932286308E-002
  0.305320839087168        6.71705845991770      -8.354863494318659E-002
  0.305320839087168        7.02237929900487      -7.657545141604882E-002
  0.305320839087168        7.32770013809204      -7.358287134425538E-002
  0.610641678174337       0.000000000000000E+000  -1.49964771432419     
  0.610641678174337       0.305320839087168       -1.37099356764717     
  0.610641678174337       0.610641678174337       -1.12147103187549     
  0.610641678174337       0.915962517261505      -0.879707940739151     
  0.610641678174337        1.22128335634867      -0.686060412815173     
  0.610641678174337        1.52660419543584      -0.542167774018385     
  0.610641678174337        1.83192503452301      -0.436881603939041     
  0.610641678174337        2.13724587361018      -0.359334265951254     
  0.610641678174337        2.44256671269735      -0.301046944228822     
  0.610641678174337        2.74788755178452      -0.256926634512721     
  0.610641678174337        3.05320839087168      -0.226965503543680     
  0.610641678174337        3.35852922995885      -0.209948683567952     
  0.610641678174337        3.66385006904602      -0.196822243592230     
  0.610641678174337        3.96917090813319      -0.176799665524784     
  0.610641678174337        4.27449174722036      -0.154136043832701     
  0.610641678174337        4.57981258630753      -0.135310401897025     
  0.610641678174337        4.88513342539469      -0.121494944084530     
  0.610641678174337        5.19045426448186      -0.111014104535532     
  0.610641678174337        5.49577510356903      -0.102763951644214     
  0.610641678174337        5.80109594265620      -9.677110844999877E-002
  0.610641678174337        6.10641678174337      -9.254954130743473E-002
  0.610641678174337        6.41173762083054      -8.878651678397538E-002
  0.610641678174337        6.71705845991770      -8.401011885314973E-002
  0.610641678174337        7.02237929900487      -7.860335405374484E-002
  0.610641678174337        7.32770013809204      -7.543938948887997E-002
  0.915962517261505       0.000000000000000E+000  -1.09460262125368     
  0.915962517261505       0.305320839087168       -1.02714275923830     
  0.915962517261505       0.610641678174337      -0.879705366360207     
  0.915962517261505       0.915962517261505      -0.724657703505387     
  0.915962517261505        1.22128335634867      -0.591389410161375     
  0.915962517261505        1.52660419543584      -0.485001548246603     
  0.915962517261505        1.83192503452301      -0.402567542979722     
  0.915962517261505        2.13724587361018      -0.339001403253799     
  0.915962517261505        2.44256671269735      -0.290185071061503     
  0.915962517261505        2.74788755178452      -0.253129274234080     
  0.915962517261505        3.05320839087168      -0.226381306172664     
  0.915962517261505        3.35852922995885      -0.207769043795965     
  0.915962517261505        3.66385006904602      -0.191629243411234     
  0.915962517261505        3.96917090813319      -0.173055597662405     
  0.915962517261505        4.27449174722036      -0.153255080036861     
  0.915962517261505        4.57981258630753      -0.135914641919182     
  0.915962517261505        4.88513342539469      -0.122385089531346     
  0.915962517261505        5.19045426448186      -0.112025596602961     
  0.915962517261505        5.49577510356903      -0.104083633422939     
  0.915962517261505        5.80109594265620      -9.801669462505691E-002
  0.915962517261505        6.10641678174337      -9.348583550913701E-002
  0.915962517261505        6.41173762083054      -8.955369227282754E-002
  0.915962517261505        6.71705845991770      -8.544770583630039E-002
  0.915962517261505        7.02237929900487      -8.126394710412625E-002
  0.915962517261505        7.32770013809204      -7.768215509522727E-002
   1.22128335634867       0.000000000000000E+000 -0.800523684938019     
   1.22128335634867       0.305320839087168      -0.766940575187267     
   1.22128335634867       0.610641678174337      -0.686058256178666     
   1.22128335634867       0.915962517261505      -0.591388820202569     
   1.22128335634867        1.22128335634867      -0.502845913137797     
   1.22128335634867        1.52660419543584      -0.427344198156362     
   1.22128335634867        1.83192503452301      -0.365352499538761     
   1.22128335634867        2.13724587361018      -0.315164381328047     
   1.22128335634867        2.44256671269735      -0.275371363444956     
   1.22128335634867        2.74788755178452      -0.244270145697324     
   1.22128335634867        3.05320839087168      -0.220175114952452     
   1.22128335634867        3.35852922995885      -0.201084326007193     
   1.22128335634867        3.66385006904602      -0.184055373677586     
   1.22128335634867        3.96917090813319      -0.166885108279832     
   1.22128335634867        4.27449174722036      -0.149953699112785     
   1.22128335634867        4.57981258630753      -0.134905531597218     
   1.22128335634867        4.88513342539469      -0.122528898955188     
   1.22128335634867        5.19045426448186      -0.112797915952557     
   1.22128335634867        5.49577510356903      -0.105268123739367     
   1.22128335634867        5.80109594265620      -9.932744602517890E-002
   1.22128335634867        6.10641678174337      -9.456578321473802E-002
   1.22128335634867        6.41173762083054      -9.042938453115494E-002
   1.22128335634867        6.71705845991770      -8.646330905797335E-002
   1.22128335634867        7.02237929900487      -8.256536552274496E-002
   1.22128335634867        7.32770013809204      -7.882560382613484E-002
   1.52660419543584       0.000000000000000E+000 -0.604558642618162     
   1.52660419543584       0.305320839087168      -0.586994035480549     
   1.52660419543584       0.610641678174337      -0.542167099533622     
   1.52660419543584       0.915962517261505      -0.485001366872101     
   1.52660419543584        1.22128335634867      -0.427344157966771     
   1.52660419543584        1.52660419543584      -0.374883574711296     
   1.52660419543584        1.83192503452301      -0.329068681358609     
   1.52660419543584        2.13724587361018      -0.290430308313922     
   1.52660419543584        2.44256671269735      -0.258572714246101     
   1.52660419543584        2.74788755178452      -0.232541042191044     
   1.52660419543584        3.05320839087168      -0.211099237014390     
   1.52660419543584        3.35852922995885      -0.192844079432355     
   1.52660419543584        3.66385006904602      -0.176368975405726     
   1.52660419543584        3.96917090813319      -0.160795871123716     
   1.52660419543584        4.27449174722036      -0.146188741533353     
   1.52660419543584        4.57981258630753      -0.133149829498469     
   1.52660419543584        4.88513342539469      -0.122146518245886     
   1.52660419543584        5.19045426448186      -0.113242123997586     
   1.52660419543584        5.49577510356903      -0.106147635076549     
   1.52660419543584        5.80109594265620      -0.100389250814095     
   1.52660419543584        6.10641678174337      -9.549838249565386E-002
   1.52660419543584        6.41173762083054      -9.112520071036843E-002
   1.52660419543584        6.71705845991770      -8.700683675537377E-002
   1.52660419543584        7.02237929900487      -8.303955426598322E-002
   1.52660419543584        7.32770013809204      -7.922654675735304E-002
   1.83192503452301       0.000000000000000E+000 -0.471682824385936     
   1.83192503452301       0.305320839087168      -0.462171189857281     
   1.83192503452301       0.610641678174337      -0.436882240467550     
   1.83192503452301       0.915962517261505      -0.402567742349341     
   1.83192503452301        1.22128335634867      -0.365352330023534     
   1.83192503452301        1.52660419543584      -0.329068402310393     
   1.83192503452301        1.83192503452301      -0.295837369756440     
   1.83192503452301        2.13724587361018      -0.266566869102991     
   1.83192503452301        2.44256671269735      -0.241327085524963     
   1.83192503452301        2.74788755178452      -0.219674781043865     
   1.83192503452301        3.05320839087168      -0.200915934405731     
   1.83192503452301        3.35852922995885      -0.184295661008371     
   1.83192503452301        3.66385006904602      -0.169170648416817     
   1.83192503452301        3.96917090813319      -0.155197987705014     
   1.83192503452301        4.27449174722036      -0.142412103800260     
   1.83192503452301        4.57981258630753      -0.131065663102805     
   1.83192503452301        4.88513342539469      -0.121363895263417     
   1.83192503452301        5.19045426448186      -0.113298478125560     
   1.83192503452301        5.49577510356903      -0.106636423045480     
   1.83192503452301        5.80109594265620      -0.101014484094506     
   1.83192503452301        6.10641678174337      -9.606836871220242E-002
   1.83192503452301        6.41173762083054      -9.152760238246152E-002
   1.83192503452301        6.71705845991770      -8.724150419943692E-002
   1.83192503452301        7.02237929900487      -8.316546417255763E-002
   1.83192503452301        7.32770013809204      -7.930826621258200E-002
   2.13724587361018       0.000000000000000E+000 -0.378123099626046     
   2.13724587361018       0.305320839087168      -0.373177749292577     
   2.13724587361018       0.610641678174337      -0.359335553560362     
   2.13724587361018       0.915962517261505      -0.339001424395932     
   2.13724587361018        1.22128335634867      -0.315163584655545     
   2.13724587361018        1.52660419543584      -0.290429279127502     
   2.13724587361018        1.83192503452301      -0.266566153425690     
   2.13724587361018        2.13724587361018      -0.244502668960427     
   2.13724587361018        2.44256671269735      -0.224535095561473     
   2.13724587361018        2.74788755178452      -0.206577051111528     
   2.13724587361018        3.05320839087168      -0.190369474586979     
   2.13724587361018        3.35852922995885      -0.175625564609613     
   2.13724587361018        3.66385006904602      -0.162125004575621     
   2.13724587361018        3.96917090813319      -0.149774160317766     
   2.13724587361018        4.27449174722036      -0.138610066986008     
   2.13724587361018        4.57981258630753      -0.128728604209307     
   2.13724587361018        4.88513342539469      -0.120176329827006     
   2.13724587361018        5.19045426448186      -0.112876025360170     
   2.13724587361018        5.49577510356903      -0.106622628213235     
   2.13724587361018        5.80109594265620      -0.101142461879995     
   2.13724587361018        6.10641678174337      -9.617865577855296E-002
   2.13724587361018        6.41173762083054      -9.155725458535374E-002
   2.13724587361018        6.71705845991770      -8.720225774789218E-002
   2.13724587361018        7.02237929900487      -8.310101586864405E-002
   2.13724587361018        7.32770013809204      -7.925429846330458E-002
   2.44256671269735       0.000000000000000E+000 -0.308358691738724     
   2.44256671269735       0.305320839087168      -0.306759327638406     
   2.44256671269735       0.610641678174337      -0.301048328288144     
   2.44256671269735       0.915962517261505      -0.290184025402682     
   2.44256671269735        1.22128335634867      -0.275369154727826     
   2.44256671269735        1.52660419543584      -0.258570372518433     
   2.44256671269735        1.83192503452301      -0.241325292146060     
   2.44256671269735        2.13724587361018      -0.224534189020584     
   2.44256671269735        2.44256671269735      -0.208618355323039     
   2.44256671269735        2.74788755178452      -0.193722646617730     
   2.44256671269735        3.05320839087168      -0.179868267020588     
   2.44256671269735        3.35852922995885      -0.167041606219186     
   2.44256671269735        3.66385006904602      -0.155234666729463     
   2.44256671269735        3.96917090813319      -0.144459935981018     
   2.44256671269735        4.27449174722036      -0.134746715718826     
   2.44256671269735        4.57981258630753      -0.126113507678409     
   2.44256671269735        4.88513342539469      -0.118528569316760     
   2.44256671269735        5.19045426448186      -0.111883753427072     
   2.44256671269735        5.49577510356903      -0.106002402569173     
   2.44256671269735        5.80109594265620      -0.100683003840765     
   2.44256671269735        6.10641678174337      -9.575936299712237E-002
   2.44256671269735        6.41173762083054      -9.114544024647943E-002
   2.44256671269735        6.71705845991770      -8.683468564892732E-002
   2.44256671269735        7.02237929900487      -8.283754597685380E-002
   2.44256671269735        7.32770013809204      -7.910012880925296E-002
   2.74788755178452       0.000000000000000E+000 -0.254870317315729     
   2.74788755178452       0.305320839087168      -0.256148070241244     
   2.74788755178452       0.610641678174337      -0.256926875178317     
   2.74788755178452       0.915962517261505      -0.253125919425966     
   2.74788755178452        1.22128335634867      -0.244265675856602     
   2.74788755178452        1.52660419543584      -0.232536959138789     
   2.74788755178452        1.83192503452301      -0.219671757099055     
   2.74788755178452        2.13724587361018      -0.206575280755785     
   2.74788755178452        2.44256671269735      -0.193721959134077     
   2.74788755178452        2.74788755178452      -0.181368786178213     
   2.74788755178452        3.05320839087168      -0.169664605949131     
   2.74788755178452        3.35852922995885      -0.158703362339980     
   2.74788755178452        3.66385006904602      -0.148546438963894     
   2.74788755178452        3.96917090813319      -0.139232172753730     
   2.74788755178452        4.27449174722036      -0.130779227117764     
   2.74788755178452        4.57981258630753      -0.123179024173978     
   2.74788755178452        4.88513342539469      -0.116380367426567     
   2.74788755178452        5.19045426448186      -0.110279661268077     
   2.74788755178452        5.49577510356903      -0.104733078454707     
   2.74788755178452        5.80109594265620      -9.959465802161790E-002
   2.74788755178452        6.10641678174337      -9.476643004011696E-002
   2.74788755178452        6.41173762083054      -9.023898501219031E-002
   2.74788755178452        6.71705845991770      -8.605627588106687E-002
   2.74788755178452        7.02237929900487      -8.228112313709225E-002
   2.74788755178452        7.32770013809204      -7.882703549167526E-002
   3.05320839087168       0.000000000000000E+000 -0.217255305475909     
   3.05320839087168       0.305320839087168      -0.221508346717271     
   3.05320839087168       0.610641678174337      -0.226960512000741     
   3.05320839087168       0.915962517261505      -0.226373505015031     
   3.05320839087168        1.22128335634867      -0.220167740503889     
   3.05320839087168        1.52660419543584      -0.211093376151186     
   3.05320839087168        1.83192503452301      -0.200911846436084     
   3.05320839087168        2.13724587361018      -0.190367094340048     
   3.05320839087168        2.44256671269735      -0.179867229200903     
   3.05320839087168        2.74788755178452      -0.169664359114725     
   3.05320839087168        3.05320839087168      -0.159911642496113     
   3.05320839087168        3.35852922995885      -0.150695926612368     
   3.05320839087168        3.66385006904602      -0.142065326835595     
   3.05320839087168        3.96917090813319      -0.134048165205970     
   3.05320839087168        4.27449174722036      -0.126660968135840     
   3.05320839087168        4.57981258630753      -0.119903045009870     
   3.05320839087168        4.88513342539469      -0.113740620224464     
   3.05320839087168        5.19045426448186      -0.108095435912420     
   3.05320839087168        5.49577510356903      -0.102856175381430     
   3.05320839087168        5.80109594265620      -9.791567605651166E-002
   3.05320839087168        6.10641678174337      -9.321669102668120E-002
   3.05320839087168        6.41173762083054      -8.876742318221839E-002
   3.05320839087168        6.71705845991770      -8.470310686509032E-002
   3.05320839087168        7.02237929900487      -8.132830913441928E-002
   3.05320839087168        7.32770013809204      -7.842307461675080E-002
   3.35852922995885       0.000000000000000E+000 -0.199879211338398     
   3.35852922995885       0.305320839087168      -0.205150781521961     
   3.35852922995885       0.610641678174337      -0.209935395977890     
   3.35852922995885       0.915962517261505      -0.207756046794292     
   3.35852922995885        1.22128335634867      -0.201074345287404     
   3.35852922995885        1.52660419543584      -0.192837069923785     
   3.35852922995885        1.83192503452301      -0.184291040713282     
   3.35852922995885        2.13724587361018      -0.175622984504511     
   3.35852922995885        2.44256671269735      -0.167040566226122     
   3.35852922995885        2.74788755178452      -0.158703218136967     
   3.35852922995885        3.05320839087168      -0.150696066417856     
   3.35852922995885        3.35852922995885      -0.143046689738089     
   3.35852922995885        3.66385006904602      -0.135762608106044     
   3.35852922995885        3.96917090813319      -0.128859404675974     
   3.35852922995885        4.27449174722036      -0.122364351256012     
   3.35852922995885        4.57981258630753      -0.116303174375115     
   3.35852922995885        4.88513342539469      -0.110673754198715     
   3.35852922995885        5.19045426448186      -0.105427637189486     
   3.35852922995885        5.49577510356903      -0.100481274318704     
   3.35852922995885        5.80109594265620      -9.575318965140595E-002
   3.35852922995885        6.10641678174337      -9.119690869568159E-002
   3.35852922995885        6.41173762083054      -8.680404334566863E-002
   3.35852922995885        6.71705845991770      -8.286899948315328E-002
   3.35852922995885        7.02237929900487      -8.002950541555227E-002
   3.35852922995885        7.32770013809204      -7.785328185760747E-002
   3.66385006904602       0.000000000000000E+000 -0.193936119769091     
   3.66385006904602       0.305320839087168      -0.196327810966172     
   3.66385006904602       0.610641678174337      -0.196806407366052     
   3.66385006904602       0.915962517261505      -0.191615300659728     
   3.66385006904602        1.22128335634867      -0.184045195834174     
   3.66385006904602        1.52660419543584      -0.176362174199572     
   3.66385006904602        1.83192503452301      -0.169166299801765     
   3.66385006904602        2.13724587361018      -0.162122707427688     
   3.66385006904602        2.44256671269735      -0.155233928739072     
   3.66385006904602        2.74788755178452      -0.148546621303751     
   3.66385006904602        3.05320839087168      -0.142065810301104     
   3.66385006904602        3.35852922995885      -0.135762955824853     
   3.66385006904602        3.66385006904602      -0.129618381034245     
   3.66385006904602        3.96917090813319      -0.123649917443953     
   3.66385006904602        4.27449174722036      -0.117906337855528     
   3.66385006904602        4.57981258630753      -0.112442686070474     
   3.66385006904602        4.88513342539469      -0.107284114764459     
   3.66385006904602        5.19045426448186      -0.102405260441013     
   3.66385006904602        5.49577510356903      -9.774533349956709E-002
   3.66385006904602        5.80109594265620      -9.324622353850157E-002
   3.66385006904602        6.10641678174337      -8.887297980604610E-002
   3.66385006904602        6.41173762083054      -8.466294287878824E-002
   3.66385006904602        6.71705845991770      -8.099243338321911E-002
   3.66385006904602        7.02237929900487      -7.860819538807692E-002
   3.66385006904602        7.32770013809204      -7.681476561219767E-002
   3.96917090813319       0.000000000000000E+000 -0.168251522547308     
   3.96917090813319       0.305320839087168      -0.173972456982435     
   3.96917090813319       0.610641678174337      -0.176793966089532     
   3.96917090813319       0.915962517261505      -0.173047304860296     
   3.96917090813319        1.22128335634867      -0.166878025170004     
   3.96917090813319        1.52660419543584      -0.160790781112726     
   3.96917090813319        1.83192503452301      -0.155194712984842     
   3.96917090813319        2.13724587361018      -0.149772600969184     
   3.96917090813319        2.44256671269735      -0.144459762649070     
   3.96917090813319        2.74788755178452      -0.139232842916805     
   3.96917090813319        3.05320839087168      -0.134049104689972     
   3.96917090813319        3.35852922995885      -0.128860184728467     
   3.96917090813319        3.66385006904602      -0.123650324314983     
   3.96917090813319        3.96917090813319      -0.118456694090104     
   3.96917090813319        4.27449174722036      -0.113353894817493     
   3.96917090813319        4.57981258630753      -0.108418192314022     
   3.96917090813319        4.88513342539469      -0.103688623099902     
   3.96917090813319        5.19045426448186      -9.915299554997350E-002
   3.96917090813319        5.49577510356903      -9.477056034060248E-002
   3.96917090813319        5.80109594265620      -9.051344828230892E-002
   3.96917090813319        6.10641678174337      -8.639289195030080E-002
   3.96917090813319        6.41173762083054      -8.253405480767520E-002
   3.96917090813319        6.71705845991770      -7.935557360920803E-002
   3.96917090813319        7.02237929900487      -7.732699383963243E-002
   3.96917090813319        7.32770013809204      -7.568531912899050E-002
   4.27449174722036       0.000000000000000E+000 -0.148173458652202     
   4.27449174722036       0.305320839087168      -0.151091298807519     
   4.27449174722036       0.610641678174337      -0.154141695397677     
   4.27449174722036       0.915962517261505      -0.153254304069704     
   4.27449174722036        1.22128335634867      -0.149950975090963     
   4.27449174722036        1.52660419543584      -0.146186117640455     
   4.27449174722036        1.83192503452301      -0.142410400522523     
   4.27449174722036        2.13724587361018      -0.138609594429066     
   4.27449174722036        2.44256671269735      -0.134747363922918     
   4.27449174722036        2.74788755178452      -0.130780580771429     
   4.27449174722036        3.05320839087168      -0.126662507198218     
   4.27449174722036        3.35852922995885      -0.122365645927229     
   4.27449174722036        3.66385006904602      -0.117907157495593     
   4.27449174722036        3.96917090813319      -0.113354222553841     
   4.27449174722036        4.27449174722036      -0.108801435883556     
   4.27449174722036        4.57981258630753      -0.104332929717877     
   4.27449174722036        4.88513342539469      -9.998988433215841E-002
   4.27449174722036        5.19045426448186      -9.576704320449485E-002
   4.27449174722036        5.49577510356903      -9.164241987690952E-002
   4.27449174722036        5.80109594265620      -8.762082333337907E-002
   4.27449174722036        6.10641678174337      -8.376798809707806E-002
   4.27449174722036        6.41173762083054      -8.025355553366237E-002
   4.27449174722036        6.71705845991770      -7.743620684470470E-002
   4.27449174722036        7.02237929900487      -7.549906307986218E-002
   4.27449174722036        7.32770013809204      -7.377903252977347E-002
   4.57981258630753       0.000000000000000E+000 -0.131870228817267     
   4.57981258630753       0.305320839087168      -0.133211260149775     
   4.57981258630753       0.610641678174337      -0.135320128588190     
   4.57981258630753       0.915962517261505      -0.135918139261810     
   4.57981258630753        1.22128335634867      -0.134906026468365     
   4.57981258630753        1.52660419543584      -0.133149481513233     
   4.57981258630753        1.83192503452301      -0.131065637282763     
   4.57981258630753        2.13724587361018      -0.128729445654257     
   4.57981258630753        2.44256671269735      -0.126115256864206     
   4.57981258630753        2.74788755178452      -0.123181343424469     
   4.57981258630753        3.05320839087168      -0.119905417060973     
   4.57981258630753        3.35852922995885      -0.116305116886111     
   4.57981258630753        3.66385006904602      -0.112443912638037     
   4.57981258630753        3.96917090813319      -0.108418685541004     
   4.57981258630753        4.27449174722036      -0.104332938502194     
   4.57981258630753        4.57981258630753      -0.100267049026202     
   4.57981258630753        4.88513342539469      -9.625884464359426E-002
   4.57981258630753        5.19045426448186      -9.230937012865656E-002
   4.57981258630753        5.49577510356903      -8.841478650299936E-002
   4.57981258630753        5.80109594265620      -8.460494478406717E-002
   4.57981258630753        6.10641678174337      -8.096883965828874E-002
   4.57981258630753        6.41173762083054      -7.766229399647362E-002
   4.57981258630753        6.71705845991770      -7.489722747360884E-002
   4.57981258630753        7.02237929900487      -7.269853080047955E-002
   4.57981258630753        7.32770013809204      -7.062159038207806E-002
   4.88513342539469       0.000000000000000E+000 -0.119312567182371     
   4.88513342539469       0.305320839087168      -0.120059876572743     
   4.88513342539469       0.610641678174337      -0.121503129507177     
   4.88513342539469       0.915962517261505      -0.122389455609804     
   4.88513342539469        1.22128335634867      -0.122531008655856     
   4.88513342539469        1.52660419543584      -0.122147807967075     
   4.88513342539469        1.83192503452301      -0.121365402128931     
   4.88513342539469        2.13724587361018      -0.120178618414137     
   4.88513342539469        2.44256671269735      -0.118531705444620     
   4.88513342539469        2.74788755178452      -0.116383987013879     
   4.88513342539469        3.05320839087168      -0.113744109163356     
   4.88513342539469        3.35852922995885      -0.110676491108531     
   4.88513342539469        3.66385006904602      -0.107285700155481     
   4.88513342539469        3.96917090813319      -0.103689020533618     
   4.88513342539469        4.27449174722036      -9.998944039107847E-002
   4.88513342539469        4.57981258630753      -9.625821161548995E-002
   4.88513342539469        4.88513342539469      -9.252997206853684E-002
   4.88513342539469        5.19045426448186      -8.881498941144909E-002
   4.88513342539469        5.49577510356903      -8.512651954696206E-002
   4.88513342539469        5.80109594265620      -8.150802629266127E-002
   4.88513342539469        6.10641678174337      -7.804372552748401E-002
   4.88513342539469        6.41173762083054      -7.484595971407214E-002
   4.88513342539469        6.71705845991770      -7.201516568957757E-002
   4.88513342539469        7.02237929900487      -6.955078149770451E-002
   4.88513342539469        7.32770013809204      -6.724577025409419E-002
   5.19045426448186       0.000000000000000E+000 -0.109631880232370     
   5.19045426448186       0.305320839087168      -0.110054612945492     
   5.19045426448186       0.610641678174337      -0.111019692272796     
   5.19045426448186       0.915962517261505      -0.112029386422415     
   5.19045426448186        1.22128335634867      -0.112800525756204     
   5.19045426448186        1.52660419543584      -0.113244435826507     
   5.19045426448186        1.83192503452301      -0.113301294364915     
   5.19045426448186        2.13724587361018      -0.112879815441104     
   5.19045426448186        2.44256671269735      -0.111888505435919     
   5.19045426448186        2.74788755178452      -0.110284877789551     
   5.19045426448186        3.05320839087168      -0.108100291204555     
   5.19045426448186        3.35852922995885      -0.105431262863029     
   5.19045426448186        3.66385006904602      -0.102407071591158     
   5.19045426448186        3.96917090813319      -9.915292462362556E-002
   5.19045426448186        4.27449174722036      -9.576557620067028E-002
   5.19045426448186        4.57981258630753      -9.230739204543507E-002
   5.19045426448186        4.88513342539469      -8.881353484968080E-002
   5.19045426448186        5.19045426448186      -8.530625338235356E-002
   5.19045426448186        5.49577510356903      -8.181283163697420E-002
   5.19045426448186        5.80109594265620      -7.837868541014689E-002
   5.19045426448186        6.10641678174337      -7.506815117340131E-002
   5.19045426448186        6.41173762083054      -7.195148102312657E-002
   5.19045426448186        6.71705845991770      -6.908326712085096E-002
   5.19045426448186        7.02237929900487      -6.647806943133502E-002
   5.19045426448186        7.32770013809204      -6.409803685329958E-002
   5.49577510356903       0.000000000000000E+000 -0.101350065139387     
   5.49577510356903       0.305320839087168      -0.101728221923631     
   5.49577510356903       0.610641678174337      -0.102767079188264     
   5.49577510356903       0.915962517261505      -0.104086359758622     
   5.49577510356903        1.22128335634867      -0.105270656585018     
   5.49577510356903        1.52660419543584      -0.106150532457143     
   5.49577510356903        1.83192503452301      -0.106640310777207     
   5.49577510356903        2.13724587361018      -0.106627867933787     
   5.49577510356903        2.44256671269735      -0.106008866774113     
   5.49577510356903        2.74788755178452      -0.104740078156045     
   5.49577510356903        3.05320839087168      -0.102862578217257     
   5.49577510356903        3.35852922995885      -0.100485832529299     
   5.49577510356903        3.66385006904602      -9.774716607967571E-002
   5.49577510356903        3.96917090813319      -9.476956394487618E-002
   5.49577510356903        4.27449174722036      -9.163931985045594E-002
   5.49577510356903        4.57981258630753      -8.841081279950004E-002
   5.49577510356903        4.88513342539469      -8.512297489625277E-002
   5.49577510356903        5.19045426448186      -8.181076128677207E-002
   5.49577510356903        5.49577510356903      -7.850969792529806E-002
   5.49577510356903        5.80109594265620      -7.525661451013152E-002
   5.49577510356903        6.10641678174337      -7.208622582603467E-002
   5.49577510356903        6.41173762083054      -6.902611027172875E-002
   5.49577510356903        6.71705845991770      -6.611329093028126E-002
   5.49577510356903        7.02237929900487      -6.343420317672881E-002
   5.49577510356903        7.32770013809204      -6.106960626011435E-002
   5.80109594265620       0.000000000000000E+000 -9.559926724714893E-002
   5.80109594265620       0.305320839087168      -9.590819059743004E-002
   5.80109594265620       0.610641678174337      -9.677278513510087E-002
   5.80109594265620       0.915962517261505      -9.801855251843133E-002
   5.80109594265620        1.22128335634867      -9.932965826325953E-002
   5.80109594265620        1.52660419543584      -0.100392397121024     
   5.80109594265620        1.83192503452301      -0.101019139450153     
   5.80109594265620        2.13724587361018      -0.101148932424046     
   5.80109594265620        2.44256671269735      -0.100691093861776     
   5.80109594265620        2.74788755178452      -9.960353508411800E-002
   5.80109594265620        3.05320839087168      -9.792386608372278E-002
   5.80109594265620        3.35852922995885      -9.575884730143013E-002
   5.80109594265620        3.66385006904602      -9.324789167919686E-002
   5.80109594265620        3.96917090813319      -9.051097751782110E-002
   5.80109594265620        4.27449174722036      -8.761545734674719E-002
   5.80109594265620        4.57981258630753      -8.459849497434320E-002
   5.80109594265620        4.88513342539469      -8.150210532109678E-002
   5.80109594265620        5.19045426448186      -7.837439269910704E-002
   5.80109594265620        5.49577510356903      -7.525447212648911E-002
   5.80109594265620        5.80109594265620      -7.216407471634616E-002
   5.80109594265620        6.10641678174337      -6.910418611033467E-002
   5.80109594265620        6.41173762083054      -6.608035678817017E-002
   5.80109594265620        6.71705845991770      -6.314685739839981E-002
   5.80109594265620        7.02237929900487      -6.043514180690122E-002
   5.80109594265620        7.32770013809204      -5.811549272833436E-002
   6.10641678174337       0.000000000000000E+000 -9.189372204469666E-002
   6.10641678174337       0.305320839087168      -9.202297587992539E-002
   6.10641678174337       0.610641678174337      -9.255083751881701E-002
   6.10641678174337       0.915962517261505      -9.348732358389450E-002
   6.10641678174337        1.22128335634867      -9.456761856867642E-002
   6.10641678174337        1.52660419543584      -9.550134306235653E-002
   6.10641678174337        1.83192503452301      -9.607332025801536E-002
   6.10641678174337        2.13724587361018      -9.618590190704145E-002
   6.10641678174337        2.44256671269735      -9.576878368261335E-002
   6.10641678174337        2.74788755178452      -9.477732522494946E-002
   6.10641678174337        3.05320839087168      -9.322742746102496E-002
   6.10641678174337        3.35852922995885      -9.120455444257254E-002
   6.10641678174337        3.66385006904602      -8.887445830340848E-002
   6.10641678174337        3.96917090813319      -8.638792534468889E-002
   6.10641678174337        4.27449174722036      -8.375938862010988E-002
   6.10641678174337        4.57981258630753      -8.095958080463725E-002
   6.10641678174337        4.88513342539469      -7.803559311216504E-002
   6.10641678174337        5.19045426448186      -7.506201978914313E-002
   6.10641678174337        5.49577510356903      -7.208236905105367E-002
   6.10641678174337        5.80109594265620      -6.910244236245437E-002
   6.10641678174337        6.10641678174337      -6.611964355860199E-002
   6.10641678174337        6.41173762083054      -6.309987016093982E-002
   6.10641678174337        6.71705845991770      -6.006604425371094E-002
   6.10641678174337        7.02237929900487      -5.722315860065225E-002
   6.10641678174337        7.32770013809204      -5.492768668884919E-002
   6.41173762083054       0.000000000000000E+000 -8.882994746070307E-002
   6.41173762083054       0.305320839087168      -8.863314216182154E-002
   6.41173762083054       0.610641678174337      -8.878818014065742E-002
   6.41173762083054       0.915962517261505      -8.955496976768128E-002
   6.41173762083054        1.22128335634867      -9.043068500987046E-002
   6.41173762083054        1.52660419543584      -9.112754018426128E-002
   6.41173762083054        1.83192503452301      -9.153216869735673E-002
   6.41173762083054        2.13724587361018      -9.156452247177317E-002
   6.41173762083054        2.44256671269735      -9.115558514029842E-002
   6.41173762083054        2.74788755178452      -9.025219894843438E-002
   6.41173762083054        3.05320839087168      -8.878238291279353E-002
   6.41173762083054        3.35852922995885      -8.681545304146346E-002
   6.41173762083054        3.66385006904602      -8.466453416881589E-002
   6.41173762083054        3.96917090813319      -8.252538682440391E-002
   6.41173762083054        4.27449174722036      -8.024025298027473E-002
   6.41173762083054        4.57981258630753      -7.764991080605961E-002
   6.41173762083054        4.88513342539469      -7.483632182323034E-002
   6.41173762083054        5.19045426448186      -7.194443625459412E-002
   6.41173762083054        5.49577510356903      -6.902136858767226E-002
   6.41173762083054        5.80109594265620      -6.607752761554418E-002
   6.41173762083054        6.10641678174337      -6.309866946664570E-002
   6.41173762083054        6.41173762083054      -5.994042663730274E-002
   6.41173762083054        6.71705845991770      -5.654924459230075E-002
   6.41173762083054        7.02237929900487      -5.328378107508753E-002
   6.41173762083054        7.32770013809204      -5.093308796514723E-002
   6.71705845991770       0.000000000000000E+000 -8.437211762435717E-002
   6.71705845991770       0.305320839087168      -8.355249365916731E-002
   6.71705845991770       0.610641678174337      -8.401241627052386E-002
   6.71705845991770       0.915962517261505      -8.544862241510910E-002
   6.71705845991770        1.22128335634867      -8.646392095509256E-002
   6.71705845991770        1.52660419543584      -8.700831046406593E-002
   6.71705845991770        1.83192503452301      -8.724498268433863E-002
   6.71705845991770        2.13724587361018      -8.720846218531438E-002
   6.71705845991770        2.44256671269735      -8.684424225306318E-002
   6.71705845991770        2.74788755178452      -8.607069786452289E-002
   6.71705845991770        3.05320839087168      -8.472154989710441E-002
   6.71705845991770        3.35852922995885      -8.288463316545655E-002
   6.71705845991770        3.66385006904602      -8.099373389330006E-002
   6.71705845991770        3.96917090813319      -7.934249897167313E-002
   6.71705845991770        4.27449174722036      -7.741942719671570E-002
   6.71705845991770        4.57981258630753      -7.488319508185176E-002
   6.71705845991770        4.88513342539469      -7.200556895351379E-002
   6.71705845991770        5.19045426448186      -6.907672941196955E-002
   6.71705845991770        5.49577510356903      -6.610875805641872E-002
   6.71705845991770        5.80109594265620      -6.314381268129153E-002
   6.71705845991770        6.10641678174337      -6.006432930871568E-002
   6.71705845991770        6.41173762083054      -5.654861261339481E-002
   6.71705845991770        6.71705845991770      -5.235779563978142E-002
   6.71705845991770        7.02237929900487      -4.813360797380499E-002
   6.71705845991770        7.32770013809204      -4.564033414385231E-002
   7.02237929900487       0.000000000000000E+000 -7.764943246362847E-002
   7.02237929900487       0.305320839087168      -7.658012884118608E-002
   7.02237929900487       0.610641678174337      -7.860500722440068E-002
   7.02237929900487       0.915962517261505      -8.126413102486522E-002
   7.02237929900487        1.22128335634867      -8.256538400895912E-002
   7.02237929900487        1.52660419543584      -8.304021151444076E-002
   7.02237929900487        1.83192503452301      -8.316744010020989E-002
   7.02237929900487        2.13724587361018      -8.310485180980288E-002
   7.02237929900487        2.44256671269735      -8.284395064635826E-002
   7.02237929900487        2.74788755178452      -8.229159299704857E-002
   7.02237929900487        3.05320839087168      -8.134351207885501E-002
   7.02237929900487        3.35852922995885      -8.004456754391440E-002
   7.02237929900487        3.66385006904602      -7.860786062582621E-002
   7.02237929900487        3.96917090813319      -7.731289606488666E-002
   7.02237929900487        4.27449174722036      -7.548511322950602E-002
   7.02237929900487        4.57981258630753      -7.268821959909480E-002
   7.02237929900487        4.88513342539469      -6.954403699302882E-002
   7.02237929900487        5.19045426448186      -6.647372607801162E-002
   7.02237929900487        5.49577510356903      -6.343104022734605E-002
   7.02237929900487        5.80109594265620      -6.043275173091929E-002
   7.02237929900487        6.10641678174337      -5.722145263811473E-002
   7.02237929900487        6.41173762083054      -5.328267092931666E-002
   7.02237929900487        6.71705845991770      -4.813303759184745E-002
   7.02237929900487        7.02237929900487      -4.295321276149169E-002
   7.02237929900487        7.32770013809204      -4.043610311268606E-002
   7.32770013809204       0.000000000000000E+000 -7.092022690290495E-002
   7.32770013809204       0.305320839087168      -7.358319941234819E-002
   7.32770013809204       0.610641678174337      -7.543849626032520E-002
   7.32770013809204       0.915962517261505      -7.768161907392621E-002
   7.32770013809204        1.22128335634867      -7.882538461511684E-002
   7.32770013809204        1.52660419543584      -7.922655869528952E-002
   7.32770013809204        1.83192503452301      -7.930851752682196E-002
   7.32770013809204        2.13724587361018      -7.925471020028670E-002
   7.32770013809204        2.44256671269735      -7.910049283296899E-002
   7.32770013809204        2.74788755178452      -7.882718353888279E-002
   7.32770013809204        3.05320839087168      -7.842299858253207E-002
   7.32770013809204        3.35852922995885      -7.785237167171216E-002
   7.32770013809204        3.66385006904602      -7.681264606132887E-002
   7.32770013809204        3.96917090813319      -7.568371757818891E-002
   7.32770013809204        4.27449174722036      -7.377811765834850E-002
   7.32770013809204        4.57981258630753      -7.062057399267574E-002
   7.32770013809204        4.88513342539469      -6.724475949534943E-002
   7.32770013809204        5.19045426448186      -6.409715403926131E-002
   7.32770013809204        5.49577510356903      -6.106866091730979E-002
   7.32770013809204        5.80109594265620      -5.811438193201936E-002
   7.32770013809204        6.10641678174337      -5.492631007608299E-002
   7.32770013809204        6.41173762083054      -5.093113040331330E-002
   7.32770013809204        6.71705845991770      -4.563743154406638E-002
   7.32770013809204        7.02237929900487      -4.043314996522104E-002
   7.32770013809204        7.32770013809204      -3.691201224273548E-002
